13 13
0.0 0.075 0.25 0.3 0.35 0.525 0.6 0.675 0.95 1.0 1.15 1.125 1.2
0.0 0.075 0.25 0.3 0.35 0.525 0.6 0.675 0.95 1.0 1.15 1.125 1.2
7 7
1.0 1.0

# Test 1
5 5
0.0 1.0 2.0 3.0 4.0
0.0 1.0 2.0 3.0 4.0
3 3
3.0 2.0

# Test 2,3,4,5,6
7 7
0.0 0.5 1.0 1.5 2.0 2.5 3.0
0.0 0.5 1.0 1.5 2.0 2.5 3.0
4 4
1.0 2.0

# Test 7-1
7 7
0.0 0.2 0.4 0.6 0.8 1.0 1.2
0.0 0.2 0.4 0.6 0.8 1.0 1.2
4 4
1.0 1.0

# Test 7-2
13 13
0.0 0.1 0.2 0.3 0.4 0.5 0.6 0.7 0.8 0.9 1.0 1.1 1.2
0.0 0.1 0.2 0.3 0.4 0.5 0.6 0.7 0.8 0.9 1.0 1.1 1.2
7 7
1.0 1.0

# Test 7-4
25 25
0.0 0.05 0.1 0.15 0.2 0.25 0.3 0.35 0.4 0.45 0.5 0.55 0.6 0.65 0.7 0.75 0.8 0.85 0.9 0.95 1.0 1.05 1.1 1.15 1.2
0.0 0.05 0.1 0.15 0.2 0.25 0.3 0.35 0.4 0.45 0.5 0.55 0.6 0.65 0.7 0.75 0.8 0.85 0.9 0.95 1.0 1.05 1.1 1.15 1.2
13 13
1.0 1.0

# Test 8
13 13
0.0 0.125 0.25 0.3 0.35 0.475 0.6 0.725 0.95 1.0 1.15 1.257 1.2
0.0 0.125 0.25 0.3 0.35 0.475 0.6 0.725 0.95 1.0 1.15 1.257 1.2
7 7
1.0 1.0
