-1	0.000000000000000	1.000000000000000	29.000000000000000	0.000e+000	0
0	-0.000000006651885	-0.999999956323569	24.999999933481153	4.000e+000	79
1	-0.000000013303771	-0.999999962975454	24.999999866962295	1.257e-005	119
2	-0.000000019955656	-0.999999969627339	24.999999800443444	1.862e-004	159
3	-0.000000026607541	-0.999999976279225	24.999999733924589	2.461e-003	199
4	-0.000000033259427	-0.999999982931110	24.999999667405739	3.060e-002	239
5	-0.000000039911312	-0.999999989582995	24.999999600886884	3.659e-001	279
6	-0.000000046563197	-0.999999996234880	24.999999534368033	4.257e+000	319
7	-0.000000053215083	-1.000000002886766	24.999999467849182	4.856e+001	359
8	-0.000000059866968	-1.000000009538651	24.999999401330321	5.455e+002	399
9	-0.000000066518853	-1.000000016190536	24.999999334811470	6.053e+003	439
10	-0.000000073170738	-1.000000022842422	24.999999268292619	6.652e+004	479
11	-0.000000079822624	-1.000000029494307	24.999999201773765	7.251e+005	519
12	-0.000000086474509	-0.999970036146192	24.999999136152745	7.849e+006	559
13	-0.000000000000006	-0.999999962975458	24.999999999999940	8.647e+006	599
14	-0.000000006651891	-0.999969969627344	24.999999934382910	6.652e+007	639
15	-0.000000000000006	-0.999999661751739	25.000000000000053	6.652e+007	681
16	-0.000000006651891	-0.999969668403624	24.999999934401092	6.652e+009	721
17	-0.000000000000006	-0.999998083349162	25.000000000003613	6.652e+009	763
18	-0.000000006651891	-0.999968090001047	24.999999934499332	6.652e+011	803
19	-0.000000000000006	-0.999978427110499	25.000000000465331	6.652e+011	845
20	0.000000006651879	-0.999999959261689	25.000000066518790	5.977e+006	885
21	-0.000000000000006	-0.999969965913575	25.000000000901984	5.977e+007	925
22	0.000000006651879	-0.999999964999332	25.000000066518790	5.977e+007	967
23	-0.000000000000006	-0.999969971651217	25.000000000901640	5.977e+008	1007
24	0.000000006651879	-0.999999965255480	25.000000066518790	5.977e+008	1049
25	-0.000000000000006	-0.999969971907365	25.000000000901625	5.977e+009	1089
26	0.000000006651879	-0.999999965511628	25.000000066518790	5.977e+009	1131
27	-0.000000000000006	-0.999969972163514	25.000000000901611	5.977e+010	1171
28	0.000000006651879	-0.999999965767777	25.000000066518790	5.977e+010	1213
29	-0.000000000000006	-0.999969972419662	25.000000000901593	5.977e+011	1253
30	0.000000006651879	-0.999999966023925	25.000000066518790	5.977e+011	1295
31	-0.000000000000006	-0.999969972675810	25.000000000901579	5.977e+012	1335
32	0.000000006651879	-0.999999955317187	25.000000066518794	5.977e+012	1377
33	-0.000000000000006	-0.999969961969073	25.000000000902222	5.977e+013	1417
34	0.000000006651879	-0.999999961054830	25.000000066518790	5.977e+013	1459
35	-0.000000000000006	-0.999969967706715	25.000000000901878	5.977e+014	1499
36	0.000000006651879	-0.999999961310978	25.000000066518790	5.977e+014	1541
37	-0.000000000000006	-0.999969967962863	25.000000000901863	5.977e+015	1581
38	0.000000006651879	-0.999999961567126	25.000000066518790	5.977e+015	1623
39	-0.000000000000006	-0.999969968219012	25.000000000901846	5.977e+016	1663
40	0.000000006651879	-0.999999961823274	25.000000066518790	5.977e+016	1705
41	-0.000000000000006	-0.999969968475160	25.000000000901831	5.977e+017	1745
42	0.000000006651879	-0.999999962079423	25.000000066518790	5.977e+017	1787
43	-0.000000000000006	-0.999969968731308	25.000000000901817	5.977e+018	1827
44	0.000000006651879	-0.999999962335571	25.000000066518790	5.977e+018	1869
45	-0.000000000000006	-0.999969968987456	25.000000000901803	5.977e+019	1909
46	0.000000006651879	-0.999999962591719	25.000000066518790	5.977e+019	1951
47	-0.000000000000006	-0.999969969243604	25.000000000901785	5.977e+020	1991
48	0.000000006651879	-0.999999962847867	25.000000066518790	5.977e+020	2033
49	-0.000000000000006	-0.999969969499753	25.000000000901771	5.977e+021	2073
50	0.000000006651879	-0.999999963104016	25.000000066518790	5.977e+021	2115
51	-0.000000000000006	-0.999969969755901	25.000000000901757	5.977e+022	2155
52	0.000000006651879	-0.999999963360164	25.000000066518790	5.977e+022	2197
53	-0.000000000000006	-0.999969970012049	25.000000000901739	5.977e+023	2237
54	0.000000006651879	-0.999999963616312	25.000000066518790	5.977e+023	2279
55	-0.000000000000006	-0.999969970268197	25.000000000901725	5.977e+024	2319
56	0.000000006651879	-0.999999963872460	25.000000066518790	5.977e+024	2361
57	-0.000000000000006	-0.999969970524345	25.000000000901711	5.977e+025	2401
58	0.000000006651879	-0.999999964128608	25.000000066518790	5.977e+025	2443
59	-0.000000000000006	-0.999969970780494	25.000000000901693	5.977e+026	2483
60	0.000000006651879	-0.999999964384757	25.000000066518790	5.977e+026	2525
61	-0.000000000000006	-0.999969971036642	25.000000000901679	5.977e+027	2565
62	0.000000006651879	-0.999999964640905	25.000000066518790	5.977e+027	2607
63	-0.000000000000006	-0.999969971292790	25.000000000901665	5.977e+028	2647
64	0.000000006651879	-0.999999964897053	25.000000066518790	5.977e+028	2689
65	-0.000000000000006	-0.999969971548938	25.000000000901647	5.977e+029	2729
66	0.000000006651879	-0.999999965153201	25.000000066518790	5.977e+029	2771
67	-0.000000000000006	-0.999969971805087	25.000000000901633	5.977e+030	2811
68	0.000000006651879	-0.999999965409349	25.000000066518790	5.977e+030	2853
69	-0.000000000000006	-0.999969972061235	25.000000000901618	5.977e+031	2893
70	0.000000006651879	-0.999999965665498	25.000000066518790	5.977e+031	2935
71	-0.000000000000006	-0.999969972317383	25.000000000901601	5.977e+032	2975
72	0.000000006651879	-0.999999965921646	25.000000066518790	5.977e+032	3017
73	-0.000000000000006	-0.999969972573531	25.000000000901586	5.977e+033	3057
74	0.000000006651879	-0.999999955214908	25.000000066518794	5.977e+033	3099
75	-0.000000000000006	-0.999969961866794	25.000000000902229	5.977e+034	3139
76	0.000000006651879	-0.999999960952551	25.000000066518790	5.977e+034	3181
77	-0.000000000000006	-0.999969967604436	25.000000000901885	5.977e+035	3221
78	0.000000006651879	-0.999999961208699	25.000000066518790	5.977e+035	3263
79	-0.000000000000006	-0.999969967860584	25.000000000901871	5.977e+036	3303
80	0.000000006651879	-0.999999961464847	25.000000066518790	5.977e+036	3345
81	-0.000000000000006	-0.999969968116733	25.000000000901853	5.977e+037	3385
82	0.000000006651879	-0.999999961720996	25.000000066518790	5.977e+037	3427
83	-0.000000000000006	-0.999969968372881	25.000000000901839	5.977e+038	3467
84	0.000000006651879	-0.999999961977144	25.000000066518790	5.977e+038	3509
85	-0.000000000000006	-0.999969968629029	25.000000000901824	5.977e+039	3549
86	0.000000006651879	-0.999999962233292	25.000000066518790	5.977e+039	3591
87	-0.000000000000006	-0.999969968885177	25.000000000901807	5.977e+040	3631
88	0.000000006651879	-0.999999962489440	25.000000066518790	5.977e+040	3673
89	-0.000000000000006	-0.999969969141326	25.000000000901792	5.977e+041	3713
90	0.000000006651879	-0.999999962745588	25.000000066518790	5.977e+041	3755
91	-0.000000000000006	-0.999969969397474	25.000000000901778	5.977e+042	3795
92	0.000000006651879	-0.999999963001737	25.000000066518790	5.977e+042	3837
93	-0.000000000000006	-0.999969969653622	25.000000000901760	5.977e+043	3877
94	0.000000006651879	-0.999999963257885	25.000000066518790	5.977e+043	3919
95	-0.000000000000006	-0.999969969909770	25.000000000901746	5.977e+044	3959
96	0.000000006651879	-0.999999963514033	25.000000066518790	5.977e+044	4001
97	-0.000000000000006	-0.999969970165918	25.000000000901732	5.977e+045	4041
98	0.000000006651879	-0.999999963770181	25.000000066518790	5.977e+045	4083
99	-0.000000000000006	-0.999969970422067	25.000000000901714	5.977e+046	4123
100	0.000000006651879	-0.999999964026330	25.000000066518790	5.977e+046	4165
101	-0.000000000000006	-0.999969970678215	25.000000000901700	5.977e+047	4205
102	0.000000006651879	-0.999999964282478	25.000000066518790	5.977e+047	4247
103	-0.000000000000006	-0.999969970934363	25.000000000901686	5.977e+048	4287
104	0.000000006651879	-0.999999964538626	25.000000066518790	5.977e+048	4329
105	-0.000000000000006	-0.999969971190511	25.000000000901668	5.977e+049	4369
106	0.000000006651879	-0.999999964794774	25.000000066518790	5.977e+049	4411
107	-0.000000000000006	-0.999969971446659	25.000000000901654	5.977e+050	4451
108	0.000000006651879	-0.999999965050922	25.000000066518790	5.977e+050	4493
109	-0.000000000000006	-0.999969971702808	25.000000000901640	5.977e+051	4533
110	0.000000006651879	-0.999999965307071	25.000000066518790	5.977e+051	4575
111	-0.000000000000006	-0.999969971958956	25.000000000901622	5.977e+052	4615
112	0.000000006651879	-0.999999965563219	25.000000066518790	5.977e+052	4657
113	-0.000000000000006	-0.999969972215104	25.000000000901608	5.977e+053	4697
114	0.000000006651879	-0.999999965819367	25.000000066518790	5.977e+053	4739
115	-0.000000000000006	-0.999969972471252	25.000000000901593	5.977e+054	4779
116	0.000000006651879	-0.999999955112630	25.000000066518794	5.977e+054	4821
117	-0.000000000000006	-0.999969961764515	25.000000000902237	5.977e+055	4861
118	0.000000006651879	-0.999999960850272	25.000000066518790	5.977e+055	4903
119	-0.000000000000006	-0.999969967502157	25.000000000901892	5.977e+056	4943
120	0.000000006651879	-0.999999961106420	25.000000066518790	5.977e+056	4985
121	-0.000000000000006	-0.999969967758306	25.000000000901874	5.977e+057	5025
122	0.000000006651879	-0.999999961362569	25.000000066518790	5.977e+057	5067
123	-0.000000000000006	-0.999969968014454	25.000000000901860	5.977e+058	5107
124	0.000000006651879	-0.999999961618717	25.000000066518790	5.977e+058	5149
125	-0.000000000000006	-0.999969968270602	25.000000000901846	5.977e+059	5189
126	0.000000006651879	-0.999999961874865	25.000000066518790	5.977e+059	5231
127	-0.000000000000006	-0.999969968526750	25.000000000901828	5.977e+060	5271
128	0.000000006651879	-0.999999962131013	25.000000066518790	5.977e+060	5313
129	-0.000000000000006	-0.999969968782898	25.000000000901814	5.977e+061	5353
130	0.000000006651879	-0.999999962387161	25.000000066518790	5.977e+061	5395
131	-0.000000000000006	-0.999969969039047	25.000000000901800	5.977e+062	5435
132	0.000000006651879	-0.999999962643310	25.000000066518790	5.977e+062	5477
133	-0.000000000000006	-0.999969969295195	25.000000000901782	5.977e+063	5517
134	0.000000006651879	-0.999999962899458	25.000000066518790	5.977e+063	5559
135	-0.000000000000006	-0.999969969551343	25.000000000901768	5.977e+064	5599
136	0.000000006651879	-0.999999963155606	25.000000066518790	5.977e+064	5641
137	-0.000000000000006	-0.999969969807491	25.000000000901753	5.977e+065	5681
138	0.000000006651879	-0.999999963411754	25.000000066518790	5.977e+065	5723
139	-0.000000000000006	-0.999969970063640	25.000000000901736	5.977e+066	5763
140	0.000000006651879	-0.999999963667902	25.000000066518790	5.977e+066	5805
141	-0.000000000000006	-0.999969970319788	25.000000000901721	5.977e+067	5845
142	0.000000006651879	-0.999999963924051	25.000000066518790	5.977e+067	5887
143	-0.000000000000006	-0.999969970575936	25.000000000901707	5.977e+068	5927
144	0.000000006651879	-0.999999964180199	25.000000066518790	5.977e+068	5969
145	-0.000000000000006	-0.999969970832084	25.000000000901689	5.977e+069	6009
146	0.000000006651879	-0.999999964436347	25.000000066518790	5.977e+069	6051
147	-0.000000000000006	-0.999969971088232	25.000000000901675	5.977e+070	6091
148	0.000000006651879	-0.999999964692495	25.000000066518790	5.977e+070	6133
149	-0.000000000000006	-0.999969971344381	25.000000000901661	5.977e+071	6173
150	0.000000006651879	-0.999999964948644	25.000000066518790	5.977e+071	6215
151	-0.000000000000006	-0.999969971600529	25.000000000901643	5.977e+072	6255
152	0.000000006651879	-0.999999965204792	25.000000066518790	5.977e+072	6297
153	-0.000000000000006	-0.999969971856677	25.000000000901629	5.977e+073	6337
154	0.000000006651879	-0.999999965460940	25.000000066518790	5.977e+073	6379
155	-0.000000000000006	-0.999969972112825	25.000000000901615	5.977e+074	6419
156	0.000000006651879	-0.999999965717088	25.000000066518790	5.977e+074	6461
157	-0.000000000000006	-0.999969972368973	25.000000000901597	5.977e+075	6501
158	0.000000006651879	-0.999999965973236	25.000000066518790	5.977e+075	6543
159	-0.000000000000006	-0.999969972625122	25.000000000901583	5.977e+076	6583
160	0.000000006651879	-0.999999955266499	25.000000066518794	5.977e+076	6625
161	-0.000000000000006	-0.999969961918384	25.000000000902226	5.977e+077	6665
162	0.000000006651879	-0.999999961004141	25.000000066518790	5.977e+077	6707
163	-0.000000000000006	-0.999969967656027	25.000000000901881	5.977e+078	6747
164	0.000000006651879	-0.999999961260290	25.000000066518790	5.977e+078	6789
165	-0.000000000000006	-0.999969967912175	25.000000000901867	5.977e+079	6829
166	0.000000006651879	-0.999999961516438	25.000000066518790	5.977e+079	6871
167	-0.000000000000006	-0.999969968168323	25.000000000901849	5.977e+080	6911
168	0.000000006651879	-0.999999961772586	25.000000066518790	5.977e+080	6953
169	-0.000000000000006	-0.999969968424471	25.000000000901835	5.977e+081	6993
170	0.000000006651879	-0.999999962028734	25.000000066518790	5.977e+081	7035
171	-0.000000000000006	-0.999969968680620	25.000000000901821	5.977e+082	7075
172	0.000000006651879	-0.999999962284883	25.000000066518790	5.977e+082	7117
173	-0.000000000000006	-0.999969968936768	25.000000000901803	5.977e+083	7157
174	0.000000006651879	-0.999999962541031	25.000000066518790	5.977e+083	7199
175	-0.000000000000006	-0.999969969192916	25.000000000901789	5.977e+084	7239
176	0.000000006651879	-0.999999962797179	25.000000066518790	5.977e+084	7281
177	-0.000000000000006	-0.999969969449064	25.000000000901775	5.977e+085	7321
178	0.000000006651879	-0.999999963053327	25.000000066518790	5.977e+085	7363
179	-0.000000000000006	-0.999969969705212	25.000000000901757	5.977e+086	7403
180	0.000000006651879	-0.999999963309475	25.000000066518790	5.977e+086	7445
181	-0.000000000000006	-0.999969969961361	25.000000000901743	5.977e+087	7485
182	0.000000006651879	-0.999999963565624	25.000000066518790	5.977e+087	7527
183	-0.000000000000006	-0.999969970217509	25.000000000901728	5.977e+088	7567
184	0.000000006651879	-0.999999963821772	25.000000066518790	5.977e+088	7609
185	-0.000000000000006	-0.999969970473657	25.000000000901711	5.977e+089	7649
186	0.000000006651879	-0.999999964077920	25.000000066518790	5.977e+089	7691
187	-0.000000000000006	-0.999969970729805	25.000000000901696	5.977e+090	7731
188	0.000000006651879	-0.999999964334068	25.000000066518790	5.977e+090	7773
189	-0.000000000000006	-0.999969970985954	25.000000000901682	5.977e+091	7813
190	0.000000006651879	-0.999999964590216	25.000000066518790	5.977e+091	7855
191	-0.000000000000006	-0.999969971242102	25.000000000901665	5.977e+092	7895
192	0.000000006651879	-0.999999964846365	25.000000066518790	5.977e+092	7937
193	-0.000000000000006	-0.999969971498250	25.000000000901650	5.977e+093	7977
194	0.000000006651879	-0.999999965102513	25.000000066518790	5.977e+093	8019
195	-0.000000000000006	-0.999969971754398	25.000000000901636	5.977e+094	8059
196	0.000000006651879	-0.999999965358661	25.000000066518790	5.977e+094	8101
197	-0.000000000000006	-0.999969972010546	25.000000000901618	5.977e+095	8141
198	0.000000006651879	-0.999999965614809	25.000000066518790	5.977e+095	8183
199	-0.000000000000006	-0.999969972266695	25.000000000901604	5.977e+096	8223
200	0.000000006651879	-0.999999965870958	25.000000066518790	5.977e+096	8265
201	-0.000000000000006	-0.999969972522843	25.000000000901590	5.977e+097	8305
202	0.000000006651879	-0.999999955164220	25.000000066518794	5.977e+097	8347
203	-0.000000000000006	-0.999969961816105	25.000000000902233	5.977e+098	8387
204	0.000000006651879	-0.999999960901863	25.000000066518790	5.977e+098	8429
205	-0.000000000000006	-0.999969967553748	25.000000000901888	5.977e+099	8469
206	0.000000006651879	-0.999999961158011	25.000000066518790	5.977e+099	8511
207	-0.000000000000006	-0.999969967809896	25.000000000901871	5.977e+100	8551
208	0.000000006651879	-0.999999961414159	25.000000066518790	5.977e+100	8593
209	-0.000000000000006	-0.999969968066044	25.000000000901856	5.977e+101	8633
210	0.000000006651879	-0.999999961670307	25.000000066518790	5.977e+101	8675
211	-0.000000000000006	-0.999969968322193	25.000000000901842	5.977e+102	8715
212	0.000000006651879	-0.999999961926455	25.000000066518790	5.977e+102	8757
213	-0.000000000000006	-0.999969968578341	25.000000000901824	5.977e+103	8797
214	0.000000006651879	-0.999999962182604	25.000000066518790	5.977e+103	8839
215	-0.000000000000006	-0.999969968834489	25.000000000901810	5.977e+104	8879
216	0.000000006651879	-0.999999962438752	25.000000066518790	5.977e+104	8921
217	-0.000000000000006	-0.999969969090637	25.000000000901796	5.977e+105	8961
218	0.000000006651879	-0.999999962694900	25.000000066518790	5.977e+105	9003
219	-0.000000000000006	-0.999969969346785	25.000000000901778	5.977e+106	9043
220	0.000000006651879	-0.999999962951048	25.000000066518790	5.977e+106	9085
221	-0.000000000000006	-0.999969969602934	25.000000000901764	5.977e+107	9125
222	0.000000006651879	-0.999999963207197	25.000000066518790	5.977e+107	9167
223	-0.000000000000006	-0.999969969859082	25.000000000901750	5.977e+108	9207
224	0.000000006651879	-0.999999963463345	25.000000066518790	5.977e+108	9249
225	-0.000000000000006	-0.999969970115230	25.000000000901732	5.977e+109	9289
226	0.000000006651879	-0.999999963719493	25.000000066518790	5.977e+109	9331
227	-0.000000000000006	-0.999969970371378	25.000000000901718	5.977e+110	9371
228	0.000000006651879	-0.999999963975641	25.000000066518790	5.977e+110	9413
229	-0.000000000000006	-0.999969970627526	25.000000000901704	5.977e+111	9453
230	0.000000006651879	-0.999999964231789	25.000000066518790	5.977e+111	9495
231	-0.000000000000006	-0.999969970883675	25.000000000901686	5.977e+112	9535
232	0.000000006651879	-0.999999964487938	25.000000066518790	5.977e+112	9577
233	-0.000000000000006	-0.999969971139823	25.000000000901672	5.977e+113	9617
234	0.000000006651879	-0.999999964744086	25.000000066518790	5.977e+113	9659
235	-0.000000000000006	-0.999969971395971	25.000000000901657	5.977e+114	9699
236	0.000000006651879	-0.999999965000234	25.000000066518790	5.977e+114	9741
237	-0.000000000000006	-0.999969971652119	25.000000000901640	5.977e+115	9781
238	0.000000006651879	-0.999999965256382	25.000000066518790	5.977e+115	9823
239	-0.000000000000006	-0.999969971908268	25.000000000901625	5.977e+116	9863
240	0.000000006651879	-0.999999965512530	25.000000066518790	5.977e+116	9905
241	-0.000000000000006	-0.999969972164416	25.000000000901611	5.977e+117	9945
242	0.000000006651879	-0.999999965768679	25.000000066518790	5.977e+117	9987
243	-0.000000000000006	-0.999969972420564	25.000000000901593	5.977e+118	10027
244	0.000000006651879	-0.999999966024827	25.000000066518790	5.977e+118	10069
245	-0.000000000000006	-0.999969972676712	25.000000000901579	5.977e+119	10109
246	0.000000006651879	-0.999999955318089	25.000000066518794	5.977e+119	10151
247	-0.000000000000006	-0.999969961969975	25.000000000902222	5.977e+120	10191
248	0.000000006651879	-0.999999961055732	25.000000066518790	5.977e+120	10233
249	-0.000000000000006	-0.999969967707617	25.000000000901878	5.977e+121	10273
250	0.000000006651879	-0.999999961311880	25.000000066518790	5.977e+121	10315
251	-0.000000000000006	-0.999969967963765	25.000000000901863	5.977e+122	10355
252	0.000000006651879	-0.999999961568028	25.000000066518790	5.977e+122	10397
253	-0.000000000000006	-0.999969968219914	25.000000000901846	5.977e+123	10437
254	0.000000006651879	-0.999999961824177	25.000000066518790	5.977e+123	10479
255	-0.000000000000006	-0.999969968476062	25.000000000901831	5.977e+124	10519
256	0.000000006651879	-0.999999962080325	25.000000066518790	5.977e+124	10561
257	-0.000000000000006	-0.999969968732210	25.000000000901817	5.977e+125	10601
258	0.000000006651879	-0.999999962336473	25.000000066518790	5.977e+125	10643
259	-0.000000000000006	-0.999969968988358	25.000000000901800	5.977e+126	10683
260	0.000000006651879	-0.999999962592621	25.000000066518790	5.977e+126	10725
261	-0.000000000000006	-0.999969969244507	25.000000000901785	5.977e+127	10765
262	0.000000006651879	-0.999999962848769	25.000000066518790	5.977e+127	10807
263	-0.000000000000006	-0.999969969500655	25.000000000901771	5.977e+128	10847
264	0.000000006651879	-0.999999963104918	25.000000066518790	5.977e+128	10889
265	-0.000000000000006	-0.999969969756803	25.000000000901753	5.977e+129	10929
266	0.000000006651879	-0.999999963361066	25.000000066518790	5.977e+129	10971
267	-0.000000000000006	-0.999969970012951	25.000000000901739	5.977e+130	11011
268	0.000000006651879	-0.999999963617214	25.000000066518790	5.977e+130	11053
269	-0.000000000000006	-0.999969970269099	25.000000000901725	5.977e+131	11093
270	0.000000006651879	-0.999999963873362	25.000000066518790	5.977e+131	11135
271	-0.000000000000006	-0.999969970525248	25.000000000901711	5.977e+132	11175
272	0.000000006651879	-0.999999964129511	25.000000066518790	5.977e+132	11217
273	-0.000000000000006	-0.999969970781396	25.000000000901693	5.977e+133	11257
274	0.000000006651879	-0.999999964385659	25.000000066518790	5.977e+133	11299
275	-0.000000000000006	-0.999969971037544	25.000000000901679	5.977e+134	11339
276	0.000000006651879	-0.999999964641807	25.000000066518790	5.977e+134	11381
277	-0.000000000000006	-0.999969971293692	25.000000000901665	5.977e+135	11421
278	0.000000006651879	-0.999999964897955	25.000000066518790	5.977e+135	11463
279	-0.000000000000006	-0.999969971549840	25.000000000901647	5.977e+136	11503
280	0.000000006651879	-0.999999965154103	25.000000066518790	5.977e+136	11545
281	-0.000000000000006	-0.999969971805989	25.000000000901633	5.977e+137	11585
282	0.000000006651879	-0.999999965410252	25.000000066518790	5.977e+137	11627
283	-0.000000000000006	-0.999969972062137	25.000000000901618	5.977e+138	11667
284	0.000000006651879	-0.999999965666400	25.000000066518790	5.977e+138	11709
285	-0.000000000000006	-0.999969972318285	25.000000000901601	5.977e+139	11749
286	0.000000006651879	-0.999999965922548	25.000000066518790	5.977e+139	11791
287	-0.000000000000006	-0.999969972574433	25.000000000901586	5.977e+140	11831
288	0.000000006651879	-0.999999955215811	25.000000066518794	5.977e+140	11873
289	-0.000000000000006	-0.999969961867696	25.000000000902229	5.977e+141	11913
290	0.000000006651879	-0.999999960953453	25.000000066518790	5.977e+141	11955
291	-0.000000000000006	-0.999969967605338	25.000000000901885	5.977e+142	11995
292	0.000000006651879	-0.999999961209601	25.000000066518790	5.977e+142	12037
293	-0.000000000000006	-0.999969967861487	25.000000000901871	5.977e+143	12077
294	0.000000006651879	-0.999999961465750	25.000000066518790	5.977e+143	12119
295	-0.000000000000006	-0.999969968117635	25.000000000901853	5.977e+144	12159
296	0.000000006651879	-0.999999961721898	25.000000066518790	5.977e+144	12201
297	-0.000000000000006	-0.999969968373783	25.000000000901839	5.977e+145	12241
298	0.000000006651879	-0.999999961978046	25.000000066518790	5.977e+145	12283
299	-0.000000000000006	-0.999969968629931	25.000000000901824	5.977e+146	12323
300	0.000000006651879	-0.999999962234194	25.000000066518790	5.977e+146	12365
301	-0.000000000000006	-0.999969968886079	25.000000000901807	5.977e+147	12405
302	0.000000006651879	-0.999999962490342	25.000000066518790	5.977e+147	12447
303	-0.000000000000006	-0.999969969142228	25.000000000901792	5.977e+148	12487
304	0.000000006651879	-0.999999962746491	25.000000066518790	5.977e+148	12529
305	-0.000000000000006	-0.999969969398376	25.000000000901778	5.977e+149	12569
306	0.000000006651879	-0.999999963002639	25.000000066518790	5.977e+149	12611
307	-0.000000000000006	-0.999969969654524	25.000000000901760	5.977e+150	12651
308	0.000000006651879	-0.999999963258787	25.000000066518790	5.977e+150	12693
309	-0.000000000000006	-0.999969969910672	25.000000000901746	5.977e+151	12733
310	0.000000006651879	-0.999999963514935	25.000000066518790	5.977e+151	12775
311	-0.000000000000006	-0.999969970166821	25.000000000901732	5.977e+152	12815
312	0.000000006651879	-0.999999963771083	25.000000066518790	5.977e+152	12857
313	-0.000000000000006	-0.999969970422969	25.000000000901714	5.977e+153	12897
314	0.000000006651879	-0.999999964027232	25.000000066518790	5.977e+153	12939
315	-0.000000000000006	-0.999969970679117	25.000000000901700	5.977e+154	12979
316	0.000000006651879	-0.999999964283380	25.000000066518790	5.977e+154	13021
317	-0.000000000000006	-0.999969970935265	25.000000000901686	5.977e+155	13061
318	0.000000006651879	-0.999999964539528	25.000000066518790	5.977e+155	13103
319	-0.000000000000006	-0.999969971191413	25.000000000901668	5.977e+156	13143
320	0.000000006651879	-0.999999964795676	25.000000066518790	5.977e+156	13185
321	-0.000000000000006	-0.999969971447562	25.000000000901654	5.977e+157	13225
322	0.000000006651879	-0.999999965051825	25.000000066518790	5.977e+157	13267
323	-0.000000000000006	-0.999969971703710	25.000000000901640	5.977e+158	13307
324	0.000000006651879	-0.999999965307973	25.000000066518790	5.977e+158	13349
325	-0.000000000000006	-0.999969971959858	25.000000000901622	5.977e+159	13389
326	0.000000006651879	-0.999999965564121	25.000000066518790	5.977e+159	13431
327	-0.000000000000006	-0.999969972216006	25.000000000901608	5.977e+160	13471
328	0.000000006651879	-0.999999965820269	25.000000066518790	5.977e+160	13513
329	-0.000000000000006	-0.999969972472154	25.000000000901593	5.977e+161	13553
330	0.000000006651879	-0.999999955113532	25.000000066518794	5.977e+161	13595
331	-0.000000000000006	-0.999969961765417	25.000000000902237	5.977e+162	13635
332	0.000000006651879	-0.999999960851174	25.000000066518790	5.977e+162	13677
333	-0.000000000000006	-0.999969967503060	25.000000000901892	5.977e+163	13717
334	0.000000006651879	-0.999999961107322	25.000000066518790	5.977e+163	13759
335	-0.000000000000006	-0.999969967759208	25.000000000901874	5.977e+164	13799
336	0.000000006651879	-0.999999961363471	25.000000066518790	5.977e+164	13841
337	-0.000000000000006	-0.999969968015356	25.000000000901860	5.977e+165	13881
338	0.000000006651879	-0.999999961619619	25.000000066518790	5.977e+165	13923
339	-0.000000000000006	-0.999969968271504	25.000000000901846	5.977e+166	13963
340	0.000000006651879	-0.999999961875767	25.000000066518790	5.977e+166	14005
341	-0.000000000000006	-0.999969968527652	25.000000000901828	5.977e+167	14045
342	0.000000006651879	-0.999999962131915	25.000000066518790	5.977e+167	14087
343	-0.000000000000006	-0.999969968783801	25.000000000901814	5.977e+168	14127
344	0.000000006651879	-0.999999962388064	25.000000066518790	5.977e+168	14169
345	-0.000000000000006	-0.999969969039949	25.000000000901800	5.977e+169	14209
346	0.000000006651879	-0.999999962644212	25.000000066518790	5.977e+169	14251
347	-0.000000000000006	-0.999969969296097	25.000000000901782	5.977e+170	14291
348	0.000000006651879	-0.999999962900360	25.000000066518790	5.977e+170	14333
349	-0.000000000000006	-0.999969969552245	25.000000000901768	5.977e+171	14373
350	0.000000006651879	-0.999999963156508	25.000000066518790	5.977e+171	14415
351	-0.000000000000006	-0.999969969808393	25.000000000901753	5.977e+172	14455
352	0.000000006651879	-0.999999963412656	25.000000066518790	5.977e+172	14497
353	-0.000000000000006	-0.999969970064542	25.000000000901736	5.977e+173	14537
354	0.000000006651879	-0.999999963668805	25.000000066518790	5.977e+173	14579
355	-0.000000000000006	-0.999969970320690	25.000000000901721	5.977e+174	14619
356	0.000000006651879	-0.999999963924953	25.000000066518790	5.977e+174	14661
357	-0.000000000000006	-0.999969970576838	25.000000000901707	5.977e+175	14701
358	0.000000006651879	-0.999999964181101	25.000000066518790	5.977e+175	14743
359	-0.000000000000006	-0.999969970832986	25.000000000901689	5.977e+176	14783
360	0.000000006651879	-0.999999964437249	25.000000066518790	5.977e+176	14825
361	-0.000000000000006	-0.999969971089135	25.000000000901675	5.977e+177	14865
362	0.000000006651879	-0.999999964693397	25.000000066518790	5.977e+177	14907
363	-0.000000000000006	-0.999969971345283	25.000000000901661	5.977e+178	14947
364	0.000000006651879	-0.999999964949546	25.000000066518790	5.977e+178	14989
365	-0.000000000000006	-0.999969971601431	25.000000000901643	5.977e+179	15029
366	0.000000006651879	-0.999999965205694	25.000000066518790	5.977e+179	15071
367	-0.000000000000006	-0.999969971857579	25.000000000901629	5.977e+180	15111
368	0.000000006651879	-0.999999965461842	25.000000066518790	5.977e+180	15153
369	-0.000000000000006	-0.999969972113727	25.000000000901615	5.977e+181	15193
370	0.000000006651879	-0.999999965717990	25.000000066518790	5.977e+181	15235
371	-0.000000000000006	-0.999969972369876	25.000000000901597	5.977e+182	15275
372	0.000000006651879	-0.999999965974139	25.000000066518790	5.977e+182	15317
373	-0.000000000000006	-0.999969972626024	25.000000000901583	5.977e+183	15357
374	0.000000006651879	-0.999999955267401	25.000000066518794	5.977e+183	15399
375	-0.000000000000006	-0.999969961919286	25.000000000902226	5.977e+184	15439
376	0.000000006651879	-0.999999961005044	25.000000066518790	5.977e+184	15481
377	-0.000000000000006	-0.999969967656929	25.000000000901881	5.977e+185	15521
378	0.000000006651879	-0.999999961261192	25.000000066518790	5.977e+185	15563
379	-0.000000000000006	-0.999969967913077	25.000000000901867	5.977e+186	15603
380	0.000000006651879	-0.999999961517340	25.000000066518790	5.977e+186	15645
381	-0.000000000000006	-0.999969968169225	25.000000000901849	5.977e+187	15685
382	0.000000006651879	-0.999999961773488	25.000000066518790	5.977e+187	15727
383	-0.000000000000006	-0.999969968425374	25.000000000901835	5.977e+188	15767
384	0.000000006651879	-0.999999962029636	25.000000066518790	5.977e+188	15809
385	-0.000000000000006	-0.999969968681522	25.000000000901821	5.977e+189	15849
386	0.000000006651879	-0.999999962285785	25.000000066518790	5.977e+189	15891
387	-0.000000000000006	-0.999969968937670	25.000000000901803	5.977e+190	15931
388	0.000000006651879	-0.999999962541933	25.000000066518790	5.977e+190	15973
389	-0.000000000000006	-0.999969969193818	25.000000000901789	5.977e+191	16013
390	0.000000006651879	-0.999999962798081	25.000000066518790	5.977e+191	16055
391	-0.000000000000006	-0.999969969449966	25.000000000901775	5.977e+192	16095
392	0.000000006651879	-0.999999963054229	25.000000066518790	5.977e+192	16137
393	-0.000000000000006	-0.999969969706115	25.000000000901757	5.977e+193	16177
394	0.000000006651879	-0.999999963310378	25.000000066518790	5.977e+193	16219
395	-0.000000000000006	-0.999969969962263	25.000000000901743	5.977e+194	16259
396	0.000000006651879	-0.999999963566526	25.000000066518790	5.977e+194	16301
397	-0.000000000000006	-0.999969970218411	25.000000000901728	5.977e+195	16341
398	0.000000006651879	-0.999999963822674	25.000000066518790	5.977e+195	16383
399	-0.000000000000006	-0.999969970474559	25.000000000901711	5.977e+196	16423
400	0.000000006651879	-0.999999964078822	25.000000066518790	5.977e+196	16465
401	-0.000000000000006	-0.999969970730707	25.000000000901696	5.977e+197	16505
402	0.000000006651879	-0.999999964334970	25.000000066518790	5.977e+197	16547
403	-0.000000000000006	-0.999969970986856	25.000000000901682	5.977e+198	16587
404	0.000000006651879	-0.999999964591119	25.000000066518790	5.977e+198	16629
405	-0.000000000000006	-0.999969971243004	25.000000000901665	5.977e+199	16669
406	0.000000006651879	-0.999999964847267	25.000000066518790	5.977e+199	16711
407	-0.000000000000006	-0.999969971499152	25.000000000901650	5.977e+200	16751
408	0.000000006651879	-0.999999965103415	25.000000066518790	5.977e+200	16793
409	-0.000000000000006	-0.999969971755300	25.000000000901636	5.977e+201	16833
410	0.000000006651879	-0.999999965359563	25.000000066518790	5.977e+201	16875
411	-0.000000000000006	-0.999969972011449	25.000000000901618	5.977e+202	16915
412	0.000000006651879	-0.999999965615711	25.000000066518790	5.977e+202	16957
413	-0.000000000000006	-0.999969972267597	25.000000000901604	5.977e+203	16997
414	0.000000006651879	-0.999999965871860	25.000000066518790	5.977e+203	17039
415	-0.000000000000006	-0.999969972523745	25.000000000901590	5.977e+204	17079
416	0.000000006651879	-0.999999955165122	25.000000066518794	5.977e+204	17121
417	-0.000000000000006	-0.999969961817007	25.000000000902233	5.977e+205	17161
418	0.000000006651879	-0.999999960902765	25.000000066518790	5.977e+205	17203
419	-0.000000000000006	-0.999969967554650	25.000000000901888	5.977e+206	17243
420	0.000000006651879	-0.999999961158913	25.000000066518790	5.977e+206	17285
421	-0.000000000000006	-0.999969967810798	25.000000000901871	5.977e+207	17325
422	0.000000006651879	-0.999999961415061	25.000000066518790	5.977e+207	17367
423	-0.000000000000006	-0.999969968066946	25.000000000901856	5.977e+208	17407
424	0.000000006651879	-0.999999961671209	25.000000066518790	5.977e+208	17449
425	-0.000000000000006	-0.999969968323095	25.000000000901842	5.977e+209	17489
426	0.000000006651879	-0.999999961927358	25.000000066518790	5.977e+209	17531
427	-0.000000000000006	-0.999969968579243	25.000000000901824	5.977e+210	17571
428	0.000000006651879	-0.999999962183506	25.000000066518790	5.977e+210	17613
429	-0.000000000000006	-0.999969968835391	25.000000000901810	5.977e+211	17653
430	0.000000006651879	-0.999999962439654	25.000000066518790	5.977e+211	17695
431	-0.000000000000006	-0.999969969091539	25.000000000901796	5.977e+212	17735
432	0.000000006651879	-0.999999962695802	25.000000066518790	5.977e+212	17777
433	-0.000000000000006	-0.999969969347688	25.000000000901778	5.977e+213	17817
434	0.000000006651879	-0.999999962951950	25.000000066518790	5.977e+213	17859
435	-0.000000000000006	-0.999969969603836	25.000000000901764	5.977e+214	17899
436	0.000000006651879	-0.999999963208099	25.000000066518790	5.977e+214	17941
437	-0.000000000000006	-0.999969969859984	25.000000000901750	5.977e+215	17981
438	0.000000006651879	-0.999999963464247	25.000000066518790	5.977e+215	18023
439	-0.000000000000006	-0.999969970116132	25.000000000901732	5.977e+216	18063
440	0.000000006651879	-0.999999963720395	25.000000066518790	5.977e+216	18105
441	-0.000000000000006	-0.999969970372280	25.000000000901718	5.977e+217	18145
442	0.000000006651879	-0.999999963976543	25.000000066518790	5.977e+217	18187
443	-0.000000000000006	-0.999969970628429	25.000000000901704	5.977e+218	18227
444	0.000000006651879	-0.999999964232692	25.000000066518790	5.977e+218	18269
445	-0.000000000000006	-0.999969970884577	25.000000000901686	5.977e+219	18309
446	0.000000006651879	-0.999999964488840	25.000000066518790	5.977e+219	18351
447	-0.000000000000006	-0.999969971140725	25.000000000901672	5.977e+220	18391
448	0.000000006651879	-0.999999964744988	25.000000066518790	5.977e+220	18433
449	-0.000000000000006	-0.999969971396873	25.000000000901657	5.977e+221	18473
450	0.000000006651879	-0.999999965001136	25.000000066518790	5.977e+221	18515
451	-0.000000000000006	-0.999969971653021	25.000000000901640	5.977e+222	18555
452	0.000000006651879	-0.999999965257284	25.000000066518790	5.977e+222	18597
453	-0.000000000000006	-0.999969971909170	25.000000000901625	5.977e+223	18637
454	0.000000006651879	-0.999999965513433	25.000000066518790	5.977e+223	18679
455	-0.000000000000006	-0.999969972165318	25.000000000901611	5.977e+224	18719
456	0.000000006651879	-0.999999965769581	25.000000066518790	5.977e+224	18761
457	-0.000000000000006	-0.999969972421466	25.000000000901593	5.977e+225	18801
458	0.000000006651879	-0.999999966025729	25.000000066518790	5.977e+225	18843
459	-0.000000000000006	-0.999969972677614	25.000000000901579	5.977e+226	18883
460	0.000000006651879	-0.999999955318992	25.000000066518794	5.977e+226	18925
461	-0.000000000000006	-0.999969961970877	25.000000000902222	5.977e+227	18965
462	0.000000006651879	-0.999999961056634	25.000000066518790	5.977e+227	19007
463	-0.000000000000006	-0.999969967708519	25.000000000901878	5.977e+228	19047
464	0.000000006651879	-0.999999961312782	25.000000066518790	5.977e+228	19089
465	-0.000000000000006	-0.999969967964668	25.000000000901863	5.977e+229	19129
466	0.000000006651879	-0.999999961568931	25.000000066518790	5.977e+229	19171
467	-0.000000000000006	-0.999969968220816	25.000000000901846	5.977e+230	19211
468	0.000000006651879	-0.999999961825079	25.000000066518790	5.977e+230	19253
469	-0.000000000000006	-0.999969968476964	25.000000000901831	5.977e+231	19293
470	0.000000006651879	-0.999999962081227	25.000000066518790	5.977e+231	19335
471	-0.000000000000006	-0.999969968733112	25.000000000901817	5.977e+232	19375
472	0.000000006651879	-0.999999962337375	25.000000066518790	5.977e+232	19417
473	-0.000000000000006	-0.999969968989260	25.000000000901800	5.977e+233	19457
474	0.000000006651879	-0.999999962593523	25.000000066518790	5.977e+233	19499
475	-0.000000000000006	-0.999969969245409	25.000000000901785	5.977e+234	19539
476	0.000000006651879	-0.999999962849672	25.000000066518790	5.977e+234	19581
477	-0.000000000000006	-0.999969969501557	25.000000000901771	5.977e+235	19621
478	0.000000006651879	-0.999999963105820	25.000000066518790	5.977e+235	19663
479	-0.000000000000006	-0.999969969757705	25.000000000901753	5.977e+236	19703
480	0.000000006651879	-0.999999963361968	25.000000066518790	5.977e+236	19745
481	-0.000000000000006	-0.999969970013853	25.000000000901739	5.977e+237	19785
482	0.000000006651879	-0.999999963618116	25.000000066518790	5.977e+237	19827
483	-0.000000000000006	-0.999969970270002	25.000000000901725	5.977e+238	19867
484	0.000000006651879	-0.999999963874264	25.000000066518790	5.977e+238	19909
485	-0.000000000000006	-0.999969970526150	25.000000000901707	5.977e+239	19949
486	0.000000006651879	-0.999999964130413	25.000000066518790	5.977e+239	19991
487	-0.000000000000006	-0.999969970782298	25.000000000901693	5.977e+240	20031
488	0.000000006651879	-0.999999964386561	25.000000066518790	5.977e+240	20073
489	-0.000000000000006	-0.999969971038446	25.000000000901679	5.977e+241	20113
490	0.000000006651879	-0.999999964642709	25.000000066518790	5.977e+241	20155
491	-0.000000000000006	-0.999969971294594	25.000000000901665	5.977e+242	20195
492	0.000000006651879	-0.999999964898857	25.000000066518790	5.977e+242	20237
493	-0.000000000000006	-0.999969971550743	25.000000000901647	5.977e+243	20277
494	0.000000006651879	-0.999999965155006	25.000000066518790	5.977e+243	20319
495	-0.000000000000006	-0.999969971806891	25.000000000901633	5.977e+244	20359
496	0.000000006651879	-0.999999965411154	25.000000066518790	5.977e+244	20401
497	-0.000000000000006	-0.999969972063039	25.000000000901618	5.977e+245	20441
498	0.000000006651879	-0.999999965667302	25.000000066518790	5.977e+245	20483
499	-0.000000000000006	-0.999969972319187	25.000000000901601	5.977e+246	20523
500	0.000000006651879	-0.999999965923450	25.000000066518790	5.977e+246	20565
501	-0.000000000000006	-0.999969972575335	25.000000000901586	5.977e+247	20605
502	0.000000006651879	-0.999999955216713	25.000000066518794	5.977e+247	20647
503	-0.000000000000006	-0.999969961868598	25.000000000902229	5.977e+248	20687
504	0.000000006651879	-0.999999960954355	25.000000066518790	5.977e+248	20729
505	-0.000000000000006	-0.999969967606241	25.000000000901885	5.977e+249	20769
506	0.000000006651879	-0.999999961210504	25.000000066518790	5.977e+249	20811
507	-0.000000000000006	-0.999969967862389	25.000000000901871	5.977e+250	20851
508	0.000000006651879	-0.999999961466652	25.000000066518790	5.977e+250	20893
509	-0.000000000000006	-0.999969968118537	25.000000000901853	5.977e+251	20933
510	0.000000006651879	-0.999999961722800	25.000000066518790	5.977e+251	20975
511	-0.000000000000006	-0.999969968374685	25.000000000901839	5.977e+252	21015
512	0.000000006651879	-0.999999961978948	25.000000066518790	5.977e+252	21057
513	-0.000000000000006	-0.999969968630833	25.000000000901824	5.977e+253	21097
514	0.000000006651879	-0.999999962235096	25.000000066518790	5.977e+253	21139
515	-0.000000000000006	-0.999969968886982	25.000000000901807	5.977e+254	21179
516	0.000000006651879	-0.999999962491245	25.000000066518790	5.977e+254	21221
517	-0.000000000000006	-0.999969969143130	25.000000000901792	5.977e+255	21261
518	0.000000006651879	-0.999999962747393	25.000000066518790	5.977e+255	21303
519	-0.000000000000006	-0.999969969399278	25.000000000901778	5.977e+256	21343
520	0.000000006651879	-0.999999963003541	25.000000066518790	5.977e+256	21385
521	-0.000000000000006	-0.999969969655426	25.000000000901760	5.977e+257	21425
522	0.000000006651879	-0.999999963259689	25.000000066518790	5.977e+257	21467
523	-0.000000000000006	-0.999969969911575	25.000000000901746	5.977e+258	21507
524	0.000000006651879	-0.999999963515837	25.000000066518790	5.977e+258	21549
525	-0.000000000000006	-0.999969970167723	25.000000000901732	5.977e+259	21589
526	0.000000006651879	-0.999999963771986	25.000000066518790	5.977e+259	21631
527	-0.000000000000006	-0.999969970423871	25.000000000901714	5.977e+260	21671
528	0.000000006651879	-0.999999964028134	25.000000066518790	5.977e+260	21713
529	-0.000000000000006	-0.999969970680019	25.000000000901700	5.977e+261	21753
530	0.000000006651879	-0.999999964284282	25.000000066518790	5.977e+261	21795
531	-0.000000000000006	-0.999969970936167	25.000000000901686	5.977e+262	21835
532	0.000000006651879	-0.999999964540430	25.000000066518790	5.977e+262	21877
533	-0.000000000000006	-0.999969971192316	25.000000000901668	5.977e+263	21917
534	0.000000006651879	-0.999999964796578	25.000000066518790	5.977e+263	21959
535	-0.000000000000006	-0.999969971448464	25.000000000901654	5.977e+264	21999
536	0.000000006651879	-0.999999965052727	25.000000066518790	5.977e+264	22041
537	-0.000000000000006	-0.999969971704612	25.000000000901640	5.977e+265	22081
538	0.000000006651879	-0.999999965308875	25.000000066518790	5.977e+265	22123
539	-0.000000000000006	-0.999969971960760	25.000000000901622	5.977e+266	22163
540	0.000000006651879	-0.999999965565023	25.000000066518790	5.977e+266	22205
541	-0.000000000000006	-0.999969972216908	25.000000000901608	5.977e+267	22245
542	0.000000006651879	-0.999999965821171	25.000000066518790	5.977e+267	22287
543	-0.000000000000006	-0.999969972473057	25.000000000901593	5.977e+268	22327
544	0.000000006651879	-0.999999955114434	25.000000066518794	5.977e+268	22369
545	-0.000000000000006	-0.999969961766319	25.000000000902237	5.977e+269	22409
546	0.000000006651879	-0.999999960852076	25.000000066518790	5.977e+269	22451
547	-0.000000000000006	-0.999969967503962	25.000000000901892	5.977e+270	22491
548	0.000000006651879	-0.999999961108225	25.000000066518790	5.977e+270	22533
549	-0.000000000000006	-0.999969967760110	25.000000000901874	5.977e+271	22573
550	0.000000006651879	-0.999999961364373	25.000000066518790	5.977e+271	22615
551	-0.000000000000006	-0.999969968016258	25.000000000901860	5.977e+272	22655
552	0.000000006651879	-0.999999961620521	25.000000066518790	5.977e+272	22697
553	-0.000000000000006	-0.999969968272406	25.000000000901846	5.977e+273	22737
554	0.000000006651879	-0.999999961876669	25.000000066518790	5.977e+273	22779
555	-0.000000000000006	-0.999969968528555	25.000000000901828	5.977e+274	22819
556	0.000000006651879	-0.999999962132818	25.000000066518790	5.977e+274	22861
557	-0.000000000000006	-0.999969968784703	25.000000000901814	5.977e+275	22901
558	0.000000006651879	-0.999999962388966	25.000000066518790	5.977e+275	22943
559	-0.000000000000006	-0.999969969040851	25.000000000901800	5.977e+276	22983
560	0.000000006651879	-0.999999962645114	25.000000066518790	5.977e+276	23025
561	-0.000000000000006	-0.999969969296999	25.000000000901782	5.977e+277	23065
562	0.000000006651879	-0.999999962901262	25.000000066518790	5.977e+277	23107
563	-0.000000000000006	-0.999969969553147	25.000000000901768	5.977e+278	23147
564	0.000000006651879	-0.999999963157410	25.000000066518790	5.977e+278	23189
565	-0.000000000000006	-0.999969969809296	25.000000000901753	5.977e+279	23229
566	0.000000006651879	-0.999999963413559	25.000000066518790	5.977e+279	23271
567	-0.000000000000006	-0.999969970065444	25.000000000901736	5.977e+280	23311
568	0.000000006651879	-0.999999963669707	25.000000066518790	5.977e+280	23353
569	-0.000000000000006	-0.999969970321592	25.000000000901721	5.977e+281	23393
570	0.000000006651879	-0.999999963925855	25.000000066518790	5.977e+281	23435
571	-0.000000000000006	-0.999969970577740	25.000000000901707	5.977e+282	23475
572	0.000000006651879	-0.999999964182003	25.000000066518790	5.977e+282	23517
573	-0.000000000000006	-0.999969970833889	25.000000000901689	5.977e+283	23557
574	0.000000006651879	-0.999999964438151	25.000000066518790	5.977e+283	23599
575	-0.000000000000006	-0.999969971090037	25.000000000901675	5.977e+284	23639
576	0.000000006651879	-0.999999964694300	25.000000066518790	5.977e+284	23681
577	-0.000000000000006	-0.999969971346185	25.000000000901661	5.977e+285	23721
578	0.000000006651879	-0.999999964950448	25.000000066518790	5.977e+285	23763
579	-0.000000000000006	-0.999969971602333	25.000000000901643	5.977e+286	23803
580	0.000000006651879	-0.999999965206596	25.000000066518790	5.977e+286	23845
581	-0.000000000000006	-0.999969971858481	25.000000000901629	5.977e+287	23885
582	0.000000006651879	-0.999999965462744	25.000000066518790	5.977e+287	23927
583	-0.000000000000006	-0.999969972114630	25.000000000901615	5.977e+288	23967
584	0.000000006651879	-0.999999965718892	25.000000066518790	5.977e+288	24009
585	-0.000000000000006	-0.999969972370778	25.000000000901597	5.977e+289	24049
586	0.000000006651879	-0.999999965975041	25.000000066518790	5.977e+289	24091
587	-0.000000000000006	-0.999969972626926	25.000000000901583	5.977e+290	24131
588	0.000000006651879	-0.999999955268303	25.000000066518794	5.977e+290	24173
589	-0.000000000000006	-0.999969961920189	25.000000000902226	5.977e+291	24213
590	0.000000006651879	-0.999999961005946	25.000000066518790	5.977e+291	24255
591	-0.000000000000006	-0.999969967657831	25.000000000901881	5.977e+292	24295
592	0.000000006651879	-0.999999961262094	25.000000066518790	5.977e+292	24337
593	-0.000000000000006	-0.999969967913979	25.000000000901867	5.977e+293	24377
594	0.000000006651879	-0.999999961518242	25.000000066518790	5.977e+293	24419
595	-0.000000000000006	-0.999969968170128	25.000000000901849	5.977e+294	24459
596	0.000000006651879	-0.999999961774390	25.000000066518790	5.977e+294	24501
597	-0.000000000000006	-0.999969968426276	25.000000000901835	5.977e+295	24541
598	0.000029993348109	-0.999939975078161	25.000299937983677	-1.#IOe+000	24581
