===================================
Find area:
1	       -0.290000000000000	       -0.090000000000000
2	       -0.290000000000000	        0.010000000000000
a = -0.290000000000000
b = 0.010000000000000
===================================
Dich:
2	       -1.570796326794897	        0.050000000000000	        1.938301933224547
4	       -0.810398163397448	        0.050000000000000	        1.883774740284044
6	       -0.430199081698724	        0.050000000000000	        1.791753037831214
8	       -0.240099540849362	        0.050000000000000	        1.655290733286867
10	       -0.145049770424681	        0.050000000000000	        1.487310342471717
===================================
Fib:
1	       -0.369599135716446	        1.570796326794897	        1.619047619047619
2	       -0.369599135716446	        0.828880414658207	        1.619047619047619
3	       -0.369599135716446	        0.369599135716446	        1.621323529411765
4	       -0.369599135716446	        0.086964502521517	        1.619047619047618
5	       -0.198387771377210	        0.086964502521517	        1.600000000000000
6	       -0.085292108242257	        0.086964502521517	        1.656553398058251
