0	1103.956068193153200
1	1103.956068193153200
2	998.900758372575640
3	1103.956068193153200
4	903.842783076397040
5	1103.956068193153200
6	817.830770150907820
7	1103.956068193153200
8	740.003882454663770
9	1103.956068193153200
10	669.583202336955990
11	1103.956068193153200
12	605.863935963944190
13	1103.956068193153200
14	548.208359497179460
15	1103.956068193153200
16	496.039436552366620
17	1103.956068193153200
18	448.835043015279440
19	1103.956068193153200
20	406.122741445051590
21	1103.956068193153200
22	950.183793519781830
23	950.183793519781830
24	859.761850387958020
25	950.183793519781830
26	777.944692829977840
27	950.183793519781830
28	703.913467236874000
29	950.183793519781830
30	636.927244215055230
31	950.183793519781830
32	576.315603129073220
33	950.183793519781830
34	521.471922310205510
35	950.183793519781830
36	471.847307762126890
37	950.183793519781830
38	426.945099662940610
39	950.183793519781830
40	386.315901621828970
41	950.183793519781830
42	349.553082968934860
43	950.183793519781830
44	817.830770150907820
45	817.830770150907820
46	740.003882454663770
47	817.830770150907820
48	669.583202336955990
49	817.830770150907820
50	605.863935963944190
51	817.830770150907820
52	548.208359497179460
53	817.830770150907820
54	496.039436552366620
55	817.830770150907820
56	448.835043015279440
57	817.830770150907820
58	406.122741445051590
59	817.830770150907820
60	367.475052775082300
61	817.830770150907820
62	332.505177946856350
63	817.830770150907820
64	300.863126697138680
65	817.830770150907820
66	703.913467236874000
67	703.913467236874000
68	636.927244215055230
69	703.913467236874000
70	576.315603129073220
71	703.913467236874000
72	521.471922310205510
73	703.913467236874000
74	471.847307762126890
75	703.913467236874000
76	426.945099662940610
77	703.913467236874000
78	386.315901621828970
79	703.913467236874000
80	349.553082968934860
81	703.913467236874000
82	316.288709060171130
83	703.913467236874000
84	286.189858860370920
85	703.913467236874000
86	258.955292959128490
87	703.913467236874000
88	605.863935963944190
89	605.863935963944190
90	548.208359497179460
91	605.863935963944190
92	496.039436552366620
93	605.863935963944190
94	448.835043015279440
95	605.863935963944190
96	406.122741445051590
97	605.863935963944190
98	367.475052775082300
99	605.863935963944190
100	332.505177946856350
101	605.863935963944190
102	300.863126697138680
103	605.863935963944190
104	272.232214742243630
105	605.863935963944190
106	246.325894293226380
107	605.863935963944190
108	222.884886186996850
109	605.863935963944190
110	521.471922310205510
111	521.471922310205510
112	471.847307762126890
113	521.471922310205510
114	426.945099662940610
115	521.471922310205510
116	386.315901621828970
117	521.471922310205510
118	349.553082968934860
119	521.471922310205510
120	316.288709060171130
121	521.471922310205510
122	286.189858860370920
123	521.471922310205510
124	258.955292959128490
125	521.471922310205510
126	234.312438668121530
127	521.471922310205510
128	212.014662018379430
129	521.471922310205510
130	191.838799366479090
131	521.471922310205510
132	448.835043015279440
133	448.835043015279440
134	406.122741445051590
135	448.835043015279440
136	367.475052775082300
137	448.835043015279440
138	332.505177946856350
139	448.835043015279440
140	300.863126697138680
141	448.835043015279440
142	272.232214742243630
143	448.835043015279440
144	246.325894293226380
145	448.835043015279440
146	222.884886186996850
147	448.835043015279440
148	201.674584937528550
149	448.835043015279440
150	182.482710717989760
151	448.835043015279440
152	165.117184802720890
153	448.835043015279440
154	386.315901621828970
155	386.315901621828970
156	349.553082968934860
157	386.315901621828970
158	316.288709060171130
159	386.315901621828970
160	286.189858860370920
161	386.315901621828970
162	258.955292959128490
163	386.315901621828970
164	234.312438668121530
165	386.315901621828970
166	212.014662018379430
167	386.315901621828970
168	191.838799366479090
169	386.315901621828970
170	173.582923897987260
171	386.315901621828970
172	157.064324674579610
173	386.315901621828970
174	142.117678003610390
175	386.315901621828970
176	332.505177946856350
177	332.505177946856350
178	300.863126697138680
179	332.505177946856350
180	272.232214742243630
181	332.505177946856350
182	246.325894293226380
183	332.505177946856350
184	222.884886186996850
185	332.505177946856350
186	201.674584937528550
187	332.505177946856350
188	182.482710717989760
189	332.505177946856350
190	165.117184802720890
191	332.505177946856350
192	149.404207169849140
193	332.505177946856350
194	135.186517059181990
195	332.505177946856350
196	122.321819049170000
197	332.505177946856350
198	286.189858860370920
199	286.189858860370920
200	258.955292959128490
201	286.189858860370920
202	234.312438668121530
203	286.189858860370920
204	212.014662018379430
205	286.189858860370920
206	191.838799366479090
207	286.189858860370920
208	173.582923897987260
209	286.189858860370920
210	157.064324674579610
211	286.189858860370920
212	142.117678003610390
213	286.189858860370920
214	128.593392822344920
215	286.189858860370920
216	116.356113537807300
217	286.189858860370920
218	105.283365346331190
219	286.189858860370920
220	246.325894293226380
221	246.325894293226380
222	222.884886186996850
223	246.325894293226380
224	201.674584937528550
225	246.325894293226380
226	182.482710717989760
227	246.325894293226380
228	165.117184802720890
229	246.325894293226380
230	149.404207169849140
231	246.325894293226380
232	135.186517059181990
233	246.325894293226380
234	122.321819049170000
235	246.325894293226380
236	110.681358917947140
237	246.325894293226380
238	100.148635028155270
239	246.325894293226380
240	90.618232338504882
241	246.325894293226380
242	212.014662018379430
243	212.014662018379430
244	191.838799366479090
245	212.014662018379430
246	173.582923897987260
247	212.014662018379430
248	157.064324674579610
249	212.014662018379430
250	142.117678003610390
251	212.014662018379430
252	128.593392822344920
253	212.014662018379430
254	116.356113537807300
255	212.014662018379430
256	105.283365346331190
257	212.014662018379430
258	95.264328462343045
259	212.014662018379430
260	86.198728996799943
261	212.014662018379430
262	77.995835383443975
263	212.014662018379430
264	182.482710717989760
265	182.482710717989760
266	165.117184802720890
267	182.482710717989760
268	149.404207169849140
269	182.482710717989760
270	135.186517059181990
271	182.482710717989760
272	122.321819049170000
273	182.482710717989760
274	110.681358917947140
275	182.482710717989760
276	100.148635028155270
277	182.482710717989760
278	90.618232338504882
279	182.482710717989760
280	81.994767376506971
281	182.482710717989760
282	74.191933604890409
283	182.482710717989760
284	67.131637642423499
285	182.482710717989760
286	149.404207169849140
287	149.404207169849140
288	135.186517059181990
289	149.404207169849140
290	122.321819049170000
291	149.404207169849140
292	110.681358917947140
293	149.404207169849140
294	100.148635028155270
295	149.404207169849140
296	90.618232338504882
297	149.404207169849140
298	81.994767376506971
299	149.404207169849140
300	74.191933604890409
301	149.404207169849140
302	67.131637642423499
303	149.404207169849140
304	60.743217672981693
305	149.404207169849140
306	54.962736242454540
307	149.404207169849140
308	1103.956068193153200
309	903.842783076397040
310	998.900758372575640
311	903.842783076397040
312	903.842783076397040
313	903.842783076397040
314	817.830770150907820
315	903.842783076397040
316	740.003882454663770
317	903.842783076397040
318	669.583202336955990
319	903.842783076397040
320	605.863935963944190
321	903.842783076397040
322	548.208359497179460
323	903.842783076397040
324	496.039436552366620
325	903.842783076397040
326	448.835043015279440
327	903.842783076397040
328	406.122741445051590
329	903.842783076397040
330	950.183793519781830
331	777.944692829977840
332	1183120.862874073700000
333	0.000000000000130
334	1305296.058992444100000
335	0.000000000000139
336	1316193.694620174800000
337	0.000000000000140
338	1317124.579493058100000
339	0.000000000000140
340	1317201.976279671300000
341	0.000000000000140
342	1317208.256379927000000
343	0.000000000000140
344	1317208.697134195800000
345	0.000000000000140
346	1316862.049115629600000
347	0.000000000000140
348	1037556.476653345700000
349	0.000000000000110
350	349.553082968934860
351	777.944692829977840
352	817.830770150907820
353	669.583202336955990
354	1109266.113053963500000
355	0.000000000000120
356	1223957.256025209800000
357	0.000000000000129
358	1234194.540157347700000
359	0.000000000000129
360	1235069.418556830400000
361	0.000000000000129
362	1235142.182920936700000
363	0.000000000000129
364	1235148.089597269400000
365	0.000000000000129
366	1235148.504274811800000
367	0.000000000000129
368	1234800.874576760000000
369	0.000000000000129
370	972833.984670266040000
371	0.000000000000102
372	300.863126697138680
373	669.583202336955990
374	703.913467236874000
375	576.315603129073220
376	961067.777752796770000
377	0.000000000000104
378	1060452.016622967600000
379	0.000000000000111
380	1069323.907272447800000
381	0.000000000000112
382	1070082.149677936500000
383	0.000000000000112
384	1070145.216373713900000
385	0.000000000000112
386	1070150.336104891500000
387	0.000000000000112
388	1070150.695586598700000
389	0.000000000000112
390	1069848.014315283200000
391	0.000000000000112
392	842872.008284663550000
393	0.000000000000088
394	258.955292959128490
395	576.315603129073220
396	605.863935963944190
397	496.039436552366620
398	827630.024344932060000
399	0.000000000000089
400	913216.878492880730000
401	0.000000000000096
402	920857.180884739500000
403	0.000000000000096
404	921510.169544793320000
405	0.000000000000096
406	921564.482066632250000
407	0.000000000000096
408	921568.891161099660000
409	0.000000000000096
410	921569.200750264460000
411	0.000000000000096
412	921308.446318005560000
413	0.000000000000096
414	725845.897437436740000
415	0.000000000000076
416	222.884886186996850
417	496.039436552366620
418	521.471922310205510
419	426.945099662940610
420	712376.950436774060000
421	0.000000000000077
422	786045.374816065890000
423	0.000000000000082
424	792621.731084545730000
425	0.000000000000083
426	793183.788569503700000
427	0.000000000000083
428	793230.537888677670000
429	0.000000000000083
430	793234.333003733660000
431	0.000000000000083
432	793234.599482119780000
433	0.000000000000083
434	793010.150414056030000
435	0.000000000000083
436	624767.035638634930000
437	0.000000000000065
438	191.838799366479090
439	426.945099662940610
440	448.835043015279440
441	367.475052775082300
442	613150.483550056580000
443	0.000000000000066
444	676557.695799116510000
445	0.000000000000071
446	682218.037551392680000
447	0.000000000000071
448	682701.806606175960000
449	0.000000000000071
450	682742.044260914670000
451	0.000000000000071
452	682745.310758441450000
453	0.000000000000071
454	682745.540119381270000
455	0.000000000000071
456	682552.353976887190000
457	0.000000000000071
458	537743.696802036020000
459	0.000000000000056
460	165.117184802720890
461	367.475052775082300
462	386.315901621828970
463	316.288709060171130
464	527743.642733533400000
465	0.000000000000057
466	582318.750275957050000
467	0.000000000000061
468	587190.652879829750000
469	0.000000000000061
470	587607.036878219460000
471	0.000000000000061
472	587641.669758230800000
473	0.000000000000061
474	587644.481259515970000
475	0.000000000000061
476	587644.678672330340000
477	0.000000000000061
478	587478.401749919630000
479	0.000000000000061
480	462840.404333712710000
481	0.000000000000048
482	142.117678003610390
483	316.288709060171130
484	332.505177946856350
485	272.232214742243630
486	454233.171489941070000
487	0.000000000000049
488	501206.402812439540000
489	0.000000000000053
490	505399.688331442360000
491	0.000000000000053
492	505758.073367736880000
493	0.000000000000053
494	505787.882164474580000
495	0.000000000000053
496	505790.302046055670000
497	0.000000000000053
498	505790.471960710190000
499	0.000000000000053
500	505647.356082208340000
501	0.000000000000053
502	398370.435472760930000
503	0.000000000000042
504	122.321819049170000
505	272.232214742243630
506	286.189858860370920
507	234.312438668121530
508	390962.115670556320000
509	0.000000000000042
510	431392.350994548930000
511	0.000000000000045
512	435001.545329860820000
513	0.000000000000045
514	435310.010192708690000
515	0.000000000000045
516	435335.666862089360000
517	0.000000000000045
518	435337.749669215290000
519	0.000000000000045
520	435337.895858442590000
521	0.000000000000045
522	435214.714580912140000
523	0.000000000000045
524	342880.612495122770000
525	0.000000000000036
526	105.283365346331190
527	234.312438668121530
528	246.325894293226380
529	201.674584937528550
530	336504.203908666740000
531	0.000000000000036
532	371302.828971604820000
533	0.000000000000039
534	374409.291246195440000
535	0.000000000000039
536	374674.789407490290000
537	0.000000000000039
538	374696.872306751840000
539	0.000000000000039
540	374698.664938461730000
541	0.000000000000039
542	374698.790319458930000
543	0.000000000000039
544	374592.766697790070000
545	0.000000000000039
546	295120.071632494280000
547	0.000000000000031
548	90.618232338504882
549	201.674584937528550
550	212.014662018379430
551	173.582923897987260
552	289534.794804279050000
553	0.000000000000031
554	319468.292870770560000
555	0.000000000000033
556	322140.440320865190000
557	0.000000000000034
558	322368.821952328550000
559	0.000000000000034
560	322387.817860491340000
561	0.000000000000034
562	322389.359624612320000
563	0.000000000000034
564	322389.466998689690000
565	0.000000000000034
566	322303.774138023030000
567	0.000000000000034
568	253940.858838885960000
569	0.000000000000027
570	77.995835383443975
571	173.582923897987260
572	182.482710717989760
573	149.404207169849140
574	170289.649544944580000
575	0.000000000000019
576	187861.208412778830000
577	0.000000000000020
578	189428.876329881950000
579	0.000000000000020
580	189562.815010947900000
581	0.000000000000020
582	189573.952836300620000
583	0.000000000000020
584	189574.856324494730000
585	0.000000000000020
586	189574.920207778870000
587	0.000000000000020
588	189538.279266916040000
589	0.000000000000020
590	149376.322112655590000
591	0.000000000000016
592	67.131637642423499
593	149.404207169849140
594	149.404207169849140
595	122.321819049170000
596	135.186517059181990
597	122.321819049170000
598	122.321819049170000
599	122.321819049170000
600	110.681358917947140
601	122.321819049170000
602	100.148635028155270
603	122.321819049170000
604	90.618232338504882
605	122.321819049170000
606	81.994767376506971
607	122.321819049170000
608	74.191933604890409
609	122.321819049170000
610	67.131637642423499
611	122.321819049170000
612	60.743217672981693
613	122.321819049170000
614	54.962736242454540
615	122.321819049170000
616	1103.956068193153200
617	740.003882454663770
618	998.900758372575640
619	740.003882454663770
620	903.842783076397040
621	740.003882454663770
622	817.830770150907820
623	740.003882454663770
624	740.003882454663770
625	740.003882454663770
626	669.583202336955990
627	740.003882454663770
628	605.863935963944190
629	740.003882454663770
630	548.208359497179460
631	740.003882454663770
632	496.039436552366620
633	740.003882454663770
634	448.835043015279440
635	740.003882454663770
636	406.122741445051590
637	740.003882454663770
638	950.183793519781830
639	636.927244215055230
640	1050548.856305733800000
641	0.000000000000114
642	1159122.265442930200000
643	0.000000000000122
644	1168810.488600451500000
645	0.000000000000123
646	1169638.263043822300000
647	0.000000000000123
648	1169707.090256045600000
649	0.000000000000123
650	1169712.668296974200000
651	0.000000000000123
652	1169713.052192954300000
653	0.000000000000123
654	1169384.376184908400000
655	0.000000000000123
656	921297.399304082500000
657	0.000000000000097
658	349.553082968934860
659	636.927244215055230
660	817.830770150907820
661	548.208359497179460
662	985015.381337495400000
663	0.000000000000106
664	1086944.986975756200000
665	0.000000000000113
666	1096046.797901801500000
667	0.000000000000114
668	1096824.825830095700000
669	0.000000000000114
670	1096889.538279237700000
671	0.000000000000114
672	1096894.785194154600000
673	0.000000000000114
674	1096895.146914900000000
675	0.000000000000114
676	1096565.530532995200000
677	0.000000000000114
678	863864.220221744730000
679	0.000000000000090
680	300.863126697138680
681	548.208359497179460
682	703.913467236874000
683	471.847307762126890
684	853421.284931323960000
685	0.000000000000092
686	941747.789736950300000
687	0.000000000000098
688	949635.709142075850000
689	0.000000000000098
690	950310.017987525560000
691	0.000000000000098
692	950366.106322752660000
693	0.000000000000098
694	950370.654242154090000
695	0.000000000000098
696	950370.967859751430000
697	0.000000000000098
698	950083.969531583250000
699	0.000000000000098
700	748463.239617493930000
701	0.000000000000078
702	258.955292959128490
703	471.847307762126890
704	605.863935963944190
705	406.122741445051590
706	734929.880433375830000
707	0.000000000000079
708	810994.182176969480000
709	0.000000000000084
710	817787.112191751480000
711	0.000000000000085
712	818367.818766530370000
713	0.000000000000085
714	818416.121617617550000
715	0.000000000000085
716	818420.038273878980000
717	0.000000000000085
718	818420.308367585300000
719	0.000000000000085
720	818173.064385431240000
721	0.000000000000085
722	644545.347940858220000
723	0.000000000000067
724	222.884886186996850
725	406.122741445051590
726	521.471922310205510
727	349.553082968934860
728	632585.956422955960000
729	0.000000000000068
730	698057.898941020130000
731	0.000000000000073
732	703904.883580823780000
733	0.000000000000073
734	704404.724570861200000
735	0.000000000000073
736	704446.301089138030000
737	0.000000000000073
738	704449.672339720070000
739	0.000000000000073
740	704449.904822702400000
741	0.000000000000073
742	704237.085107361550000
743	0.000000000000073
744	554788.152003247170000
745	0.000000000000057
746	191.838799366479090
747	349.553082968934860
748	448.835043015279440
749	300.863126697138680
750	544473.521139642920000
751	0.000000000000058
752	600825.932798140100000
753	0.000000000000062
754	605858.496441590950000
755	0.000000000000063
756	606288.715077803120000
757	0.000000000000063
758	606324.500445908170000
759	0.000000000000063
760	606327.402118683560000
761	0.000000000000063
762	606327.602219356460000
763	0.000000000000063
764	606144.425606634120000
765	0.000000000000063
766	477512.122008087640000
767	0.000000000000049
768	165.117184802720890
769	300.863126697138680
770	386.315901621828970
771	258.955292959128490
772	468632.818894986060000
773	0.000000000000050
774	517135.801738160840000
775	0.000000000000054
776	521467.370573277180000
777	0.000000000000054
778	521837.663286765860000
779	0.000000000000054
780	521868.464047164710000
781	0.000000000000054
782	521870.961540703840000
783	0.000000000000054
784	521871.133769046810000
785	0.000000000000054
786	521713.472132174070000
787	0.000000000000054
788	410998.594703908840000
789	0.000000000000043
790	142.117678003610390
791	258.955292959128490
792	332.505177946856350
793	222.884886186996850
794	403356.012957931610000
795	0.000000000000043
796	445102.918014208670000
797	0.000000000000046
798	448831.133938951300000
799	0.000000000000046
800	449149.847837898070000
801	0.000000000000046
802	449176.358298591570000
803	0.000000000000046
804	449178.507911273050000
805	0.000000000000046
806	449178.656149382350000
807	0.000000000000046
808	449042.955516085840000
809	0.000000000000046
810	353749.775564784940000
811	0.000000000000037
812	122.321819049170000
813	222.884886186996850
814	286.189858860370920
815	191.838799366479090
816	347171.739498768760000
817	0.000000000000037
818	383103.634129280220000
819	0.000000000000040
820	386312.539356259980000
821	0.000000000000040
822	386586.858954885920000
823	0.000000000000040
824	386609.676720130840000
825	0.000000000000040
826	386611.526904393920000
827	0.000000000000040
828	386611.654433711020000
829	0.000000000000040
830	386494.855502733320000
831	0.000000000000040
832	304475.254571279510000
833	0.000000000000032
834	105.283365346331190
835	191.838799366479090
836	246.325894293226380
837	165.117184802720890
838	298813.478609421410000
839	0.000000000000032
840	329740.346193855690000
841	0.000000000000034
842	332502.276462168960000
843	0.000000000000034
844	332738.385523974720000
845	0.000000000000034
846	332758.024955977160000
847	0.000000000000034
848	332759.617364608570000
849	0.000000000000034
850	332759.726648454610000
851	0.000000000000034
852	332659.196176436610000
853	0.000000000000034
854	262064.274098667720000
855	0.000000000000027
856	90.618232338504882
857	165.117184802720890
858	212.014662018379430
859	142.117678003610390
860	257099.128185651210000
861	0.000000000000028
862	283701.098795495050000
863	0.000000000000030
864	286076.787174772880000
865	0.000000000000030
866	286279.880240768430000
867	0.000000000000030
868	286296.773597586840000
869	0.000000000000030
870	286298.143060250960000
871	0.000000000000030
872	286298.236403493150000
873	0.000000000000030
874	286216.983330979010000
875	0.000000000000030
876	225493.172291414990000
877	0.000000000000023
878	77.995835383443975
879	142.117678003610390
880	182.482710717989760
881	122.321819049170000
882	151195.371545029920000
883	0.000000000000016
884	166808.259791670770000
885	0.000000000000018
886	168201.733088713900000
887	0.000000000000018
888	168320.817945406680000
889	0.000000000000018
890	168330.721107211200000
891	0.000000000000018
892	168331.523422245340000
893	0.000000000000018
894	168331.578864080450000
895	0.000000000000018
896	168296.837234719420000
897	0.000000000000018
898	132629.317033495110000
899	0.000000000000014
900	67.131637642423499
901	122.321819049170000
902	149.404207169849140
903	100.148635028155270
904	135.186517059181990
905	100.148635028155270
906	122.321819049170000
907	100.148635028155270
908	110.681358917947140
909	100.148635028155270
910	100.148635028155270
911	100.148635028155270
912	90.618232338504882
913	100.148635028155270
914	81.994767376506971
915	100.148635028155270
916	74.191933604890409
917	100.148635028155270
918	67.131637642423499
919	100.148635028155270
920	60.743217672981693
921	100.148635028155270
922	54.962736242454540
923	100.148635028155270
924	1103.956068193153200
925	605.863935963944190
926	998.900758372575640
927	605.863935963944190
928	903.842783076397040
929	605.863935963944190
930	817.830770150907820
931	605.863935963944190
932	740.003882454663770
933	605.863935963944190
934	669.583202336955990
935	605.863935963944190
936	605.863935963944190
937	605.863935963944190
938	548.208359497179460
939	605.863935963944190
940	496.039436552366620
941	605.863935963944190
942	448.835043015279440
943	605.863935963944190
944	406.122741445051590
945	605.863935963944190
946	950.183793519781830
947	521.471922310205510
948	865289.787942653640000
949	0.000000000000094
950	954725.543451083010000
951	0.000000000000101
952	962706.515678606930000
953	0.000000000000101
954	963388.435530507700000
955	0.000000000000101
956	963445.127714887610000
957	0.000000000000101
958	963449.714154480960000
959	0.000000000000101
960	963450.022232557060000
961	0.000000000000101
962	963178.023805656000000
963	0.000000000000101
964	758834.341642014220000
965	0.000000000000080
966	349.553082968934860
967	521.471922310205510
968	817.830770150907820
969	448.835043015279440
970	811316.858882804750000
971	0.000000000000087
972	895280.464187267350000
973	0.000000000000093
974	902778.416490555160000
975	0.000000000000094
976	903419.360068211220000
977	0.000000000000094
978	903472.663428113330000
979	0.000000000000094
980	903476.977700031600000
981	0.000000000000094
982	903477.268078531950000
983	0.000000000000094
984	903204.490720331090000
985	0.000000000000094
986	711532.414830177910000
987	0.000000000000074
988	300.863126697138680
989	448.835043015279440
990	703.913467236874000
991	386.315901621828970
992	702928.605966745410000
993	0.000000000000075
994	775686.835507011620000
995	0.000000000000081
996	782184.805411385720000
997	0.000000000000081
998	782740.305142493920000
999	0.000000000000081
1000	782786.504905291720000
1001	0.000000000000081
1002	782790.244439128790000
1003	0.000000000000081
1004	782790.496212312370000
1005	0.000000000000081
1006	782552.987731854900000
1007	0.000000000000081
1008	616481.335000063760000
1009	0.000000000000064
1010	258.955292959128490
1011	386.315901621828970
1012	605.863935963944190
1013	332.505177946856350
1014	605332.064018196890000
1015	0.000000000000065
1016	667989.409905866370000
1017	0.000000000000069
1018	673585.341644592820000
1019	0.000000000000070
1020	674063.731298032450000
1021	0.000000000000070
1022	674103.518189430350000
1023	0.000000000000070
1024	674106.738667083790000
1025	0.000000000000070
1026	674106.955500092360000
1027	0.000000000000070
1028	673902.346133612330000
1029	0.000000000000070
1030	530888.064512855490000
1031	0.000000000000055
1032	222.884886186996850
1033	332.505177946856350
1034	521.471922310205510
1035	286.189858860370920
1036	521035.509714624150000
1037	0.000000000000056
1038	574967.486792948330000
1039	0.000000000000060
1040	579784.160468077400000
1041	0.000000000000060
1042	580195.932558098460000
1043	0.000000000000060
1044	580230.178992757110000
1045	0.000000000000060
1046	580232.951009722190000
1047	0.000000000000060
1048	580233.137648614940000
1049	0.000000000000060
1050	580057.016446325930000
1051	0.000000000000060
1052	456958.398428131590000
1053	0.000000000000047
1054	191.838799366479090
1055	286.189858860370920
1056	448.835043015279440
1057	246.325894293226380
1058	448460.854807007530000
1059	0.000000000000048
1060	494880.692968545770000
1061	0.000000000000051
1062	499026.456696312820000
1063	0.000000000000052
1064	499380.873462177700000
1065	0.000000000000052
1066	499410.349746452180000
1067	0.000000000000052
1068	499412.735652182190000
1069	0.000000000000052
1070	499412.896294378380000
1071	0.000000000000052
1072	499261.306554531150000
1073	0.000000000000052
1074	393309.002409793900000
1075	0.000000000000041
1076	165.117184802720890
1077	246.325894293226380
1078	386.315901621828970
1079	212.014662018379430
1080	385993.930653253920000
1081	0.000000000000041
1082	425947.866035849610000
1083	0.000000000000044
1084	429516.158904865620000
1085	0.000000000000044
1086	429821.208326027260000
1087	0.000000000000044
1088	429846.578806106930000
1089	0.000000000000044
1090	429848.632374762380000
1091	0.000000000000044
1092	429848.770640837550000
1093	0.000000000000044
1094	429718.296088626670000
1095	0.000000000000044
1096	338524.279974362170000
1097	0.000000000000035
1098	142.117678003610390
1099	212.014662018379430
1100	332.505177946856350
1101	182.482710717989760
1102	332228.061325166430000
1103	0.000000000000036
1104	366616.732892891800000
1105	0.000000000000038
1106	369687.991091708890000
1107	0.000000000000038
1108	369950.549567313400000
1109	0.000000000000038
1110	369972.386142341190000
1111	0.000000000000038
1112	369974.153665286260000
1113	0.000000000000038
1114	369974.272671869900000
1115	0.000000000000038
1116	369861.972180025190000
1117	0.000000000000038
1118	291370.553592454230000
1119	0.000000000000030
1120	122.321819049170000
1121	182.482710717989760
1122	286.189858860370920
1123	157.064324674579610
1124	285951.343875909170000
1125	0.000000000000031
1126	315549.948173746120000
1127	0.000000000000033
1128	318193.404638699550000
1129	0.000000000000033
1130	318419.390815920660000
1131	0.000000000000033
1132	318438.185730444560000
1133	0.000000000000033
1134	318439.707047804900000
1135	0.000000000000033
1136	318439.809427324160000
1137	0.000000000000033
1138	318343.151236938720000
1139	0.000000000000033
1140	250784.960471647970000
1141	0.000000000000026
1142	105.283365346331190
1143	157.064324674579610
1144	246.325894293226380
1145	135.186517059181990
1146	246120.596970060030000
1147	0.000000000000026
1148	271596.351186877640000
1149	0.000000000000028
1150	273871.595206304570000
1151	0.000000000000028
1152	274066.103307728130000
1153	0.000000000000028
1154	274082.280240125490000
1155	0.000000000000028
1156	274083.589600334060000
1157	0.000000000000028
1158	274083.677316811870000
1159	0.000000000000028
1160	274000.482247776470000
1161	0.000000000000028
1162	215852.610772082410000
1163	0.000000000000022
1164	90.618232338504882
1165	135.186517059181990
1166	212.014662018379430
1167	116.356113537807300
1168	211761.815066211040000
1169	0.000000000000023
1170	233674.905421500650000
1171	0.000000000000024
1172	235631.962293600080000
1173	0.000000000000024
1174	235799.271123492650000
1175	0.000000000000024
1176	235813.186082637050000
1177	0.000000000000024
1178	235814.312118153930000
1179	0.000000000000024
1180	235814.387009510250000
1181	0.000000000000024
1182	235747.145079323060000
1183	0.000000000000024
1184	185730.090587335230000
1185	0.000000000000019
1186	77.995835383443975
1187	116.356113537807300
1188	182.482710717989760
1189	100.148635028155270
1190	124532.098036861660000
1191	0.000000000000014
1192	137392.846096169060000
1193	0.000000000000014
1194	138540.750280128850000
1195	0.000000000000015
1196	138638.851265050500000
1197	0.000000000000015
1198	138647.008312731200000
1199	0.000000000000015
1200	138647.667999371940000
1201	0.000000000000015
1202	138647.712489182680000
1203	0.000000000000015
1204	138618.961504731090000
1205	0.000000000000015
1206	109240.742007739770000
1207	0.000000000000011
1208	67.131637642423499
1209	100.148635028155270
1210	149.404207169849140
1211	81.994767376506971
1212	135.186517059181990
1213	81.994767376506971
1214	122.321819049170000
1215	81.994767376506971
1216	110.681358917947140
1217	81.994767376506971
1218	100.148635028155270
1219	81.994767376506971
1220	90.618232338504882
1221	81.994767376506971
1222	81.994767376506971
1223	81.994767376506971
1224	74.191933604890409
1225	81.994767376506971
1226	67.131637642423499
1227	81.994767376506971
1228	60.743217672981693
1229	81.994767376506971
1230	54.962736242454540
1231	81.994767376506971
1232	1103.956068193153200
1233	496.039436552366620
1234	998.900758372575640
1235	496.039436552366620
1236	903.842783076397040
1237	496.039436552366620
1238	817.830770150907820
1239	496.039436552366620
1240	740.003882454663770
1241	496.039436552366620
1242	669.583202336955990
1243	496.039436552366620
1244	605.863935963944190
1245	496.039436552366620
1246	548.208359497179460
1247	496.039436552366620
1248	496.039436552366620
1249	496.039436552366620
1250	448.835043015279440
1251	496.039436552366620
1252	406.122741445051590
1253	496.039436552366620
1254	950.183793519781830
1255	426.945099662940610
1256	708763.379320467820000
1257	0.000000000000077
1258	782021.394411025690000
1259	0.000000000000083
1260	788558.744209296190000
1261	0.000000000000083
1262	789117.308554239220000
1263	0.000000000000083
1264	789163.736444846490000
1265	0.000000000000083
1266	789167.484223934820000
1267	0.000000000000083
1268	789167.728349947250000
1269	0.000000000000083
1270	788944.847703562820000
1271	0.000000000000083
1272	621565.488692614830000
1273	0.000000000000065
1274	349.553082968934860
1275	426.945099662940610
1276	817.830770150907820
1277	367.475052775082300
1278	664554.193837536270000
1279	0.000000000000071
1280	733329.943150445120000
1281	0.000000000000076
1282	739471.647472981710000
1283	0.000000000000077
1284	739996.648356849680000
1285	0.000000000000077
1286	740040.301067180230000
1287	0.000000000000077
1288	740043.826503315130000
1289	0.000000000000077
1290	740044.056670648280000
1291	0.000000000000077
1292	739820.538149189200000
1293	0.000000000000077
1294	582820.488756140810000
1295	0.000000000000060
1296	300.863126697138680
1297	367.475052775082300
1298	703.913467236874000
1299	316.288709060171130
1300	575772.802356043020000
1301	0.000000000000062
1302	635370.078223285030000
1303	0.000000000000066
1304	640692.679869649820000
1305	0.000000000000066
1306	641147.693212553510000
1307	0.000000000000066
1308	641185.528452417700000
1309	0.000000000000066
1310	641188.584244507250000
1311	0.000000000000066
1312	641188.783819715260000
1313	0.000000000000066
1314	640994.165250078540000
1315	0.000000000000066
1316	504963.606948001370000
1317	0.000000000000052
1318	258.955292959128490
1319	316.288709060171130
1320	605.863935963944190
1321	272.232214742243630
1322	495830.925232320090000
1323	0.000000000000053
1324	547154.427489303170000
1325	0.000000000000057
1326	551738.153820246920000
1327	0.000000000000057
1328	552130.005815126120000
1329	0.000000000000057
1330	552162.589242717600000
1331	0.000000000000057
1332	552165.220884226030000
1333	0.000000000000057
1334	552165.392763842710000
1335	0.000000000000057
1336	551997.732299893400000
1337	0.000000000000057
1338	434853.641833722880000
1339	0.000000000000045
1340	222.884886186996850
1341	272.232214742243630
1342	521.471922310205510
1343	234.312438668121530
1344	426783.139985619290000
1345	0.000000000000046
1346	470959.571498484820000
1347	0.000000000000049
1348	474904.993816251170000
1349	0.000000000000049
1350	475242.278943354790000
1351	0.000000000000049
1352	475270.325020495510000
1353	0.000000000000049
1354	475272.590198513350000
1355	0.000000000000049
1356	475272.738143866940000
1357	0.000000000000049
1358	475128.421375862030000
1359	0.000000000000049
1360	374297.403022682120000
1361	0.000000000000039
1362	191.838799366479090
1363	234.312438668121530
1364	448.835043015279440
1365	201.674584937528550
1366	367336.828712932420000
1367	0.000000000000039
1368	405359.962901754010000
1369	0.000000000000042
1370	408755.831054794490000
1371	0.000000000000042
1372	409046.136072613710000
1373	0.000000000000042
1374	409070.275640762990000
1375	0.000000000000042
1376	409072.225304565630000
1377	0.000000000000042
1378	409072.352642841810000
1379	0.000000000000042
1380	408948.137380622790000
1381	0.000000000000042
1382	322161.795694683270000
1383	0.000000000000033
1384	165.117184802720890
1385	201.674584937528550
1386	386.315901621828970
1387	173.582923897987260
1388	316169.816984976120000
1389	0.000000000000034
1390	348896.640399230820000
1391	0.000000000000036
1392	351819.491991975230000
1393	0.000000000000036
1394	352069.359905049960000
1395	0.000000000000036
1396	352090.137029693750000
1397	0.000000000000036
1398	352091.815121364950000
1399	0.000000000000036
1400	352091.924722450960000
1401	0.000000000000036
1402	351985.011611279800000
1403	0.000000000000036
1404	277287.296388063110000
1405	0.000000000000029
1406	142.117678003610390
1407	173.582923897987260
1408	332.505177946856350
1409	149.404207169849140
1410	272129.888593637970000
1411	0.000000000000029
1412	300298.127118141270000
1413	0.000000000000031
1414	302813.848850499490000
1415	0.000000000000031
1416	303028.912160937910000
1417	0.000000000000031
1418	303046.795198226060000
1419	0.000000000000031
1420	303048.239545141520000
1421	0.000000000000031
1422	303048.333879545850000
1423	0.000000000000031
1424	302956.312908670750000
1425	0.000000000000031
1426	238663.392353682140000
1427	0.000000000000025
1428	122.321819049170000
1429	149.404207169849140
1430	286.189858860370920
1431	128.593392822344920
1432	234224.366966555300000
1433	0.000000000000025
1434	258468.994858611430000
1435	0.000000000000027
1436	260634.296649292690000
1437	0.000000000000027
1438	260819.403358451410000
1439	0.000000000000027
1440	260834.795431497100000
1441	0.000000000000027
1442	260836.038589331730000
1443	0.000000000000027
1444	260836.119742387790000
1445	0.000000000000027
1446	260756.916344533120000
1447	0.000000000000027
1448	205419.486216443130000
1449	0.000000000000021
1450	105.283365346331190
1451	128.593392822344920
1452	246.325894293226380
1453	110.681358917947140
1454	201598.776356036950000
1455	0.000000000000022
1456	222466.320482742510000
1457	0.000000000000023
1458	224330.012968323570000
1459	0.000000000000023
1460	224489.335786230160000
1461	0.000000000000023
1462	224502.583865881260000
1463	0.000000000000023
1464	224503.653820930980000
1465	0.000000000000023
1466	224503.723340071130000
1467	0.000000000000023
1468	224435.551856543320000
1469	0.000000000000023
1470	176806.186142836000000
1471	0.000000000000018
1472	90.618232338504882
1473	110.681358917947140
1474	212.014662018379430
1475	95.264328462343045
1476	173455.281606490370000
1477	0.000000000000019
1478	191404.594300014550000
1479	0.000000000000020
1480	193007.653727153050000
1481	0.000000000000020
1482	193144.697419031840000
1483	0.000000000000020
1484	193156.093055389380000
1485	0.000000000000020
1486	193157.013203740500000
1487	0.000000000000020
1488	193157.072542098610000
1489	0.000000000000020
1490	193101.973230909180000
1491	0.000000000000020
1492	152132.630720844430000
1493	0.000000000000016
1494	77.995835383443975
1495	95.264328462343045
1496	182.482710717989760
1497	81.994767376506971
1498	102004.850836487600000
1499	0.000000000000011
1500	112539.252320140190000
1501	0.000000000000012
1502	113479.519422785320000
1503	0.000000000000012
1504	113559.874438173690000
1505	0.000000000000012
1506	113566.554632920640000
1507	0.000000000000012
1508	113567.093699758840000
1509	0.000000000000012
1510	113567.128966022200000
1511	0.000000000000012
1512	113543.569590468130000
1513	0.000000000000012
1514	89479.680157502706000
1515	0.000000000000009
1516	67.131637642423499
1517	81.994767376506971
1518	149.404207169849140
1519	67.131637642423499
1520	135.186517059181990
1521	67.131637642423499
1522	122.321819049170000
1523	67.131637642423499
1524	110.681358917947140
1525	67.131637642423499
1526	100.148635028155270
1527	67.131637642423499
1528	90.618232338504882
1529	67.131637642423499
1530	81.994767376506971
1531	67.131637642423499
1532	74.191933604890409
1533	67.131637642423499
1534	67.131637642423499
1535	67.131637642423499
1536	60.743217672981693
1537	67.131637642423499
1538	54.962736242454540
1539	67.131637642423499
1540	1103.956068193153200
1541	406.122741445051590
1542	998.900758372575640
1543	406.122741445051590
1544	903.842783076397040
1545	406.122741445051590
1546	817.830770150907820
1547	406.122741445051590
1548	740.003882454663770
1549	406.122741445051590
1550	669.583202336955990
1551	406.122741445051590
1552	605.863935963944190
1553	406.122741445051590
1554	548.208359497179460
1555	406.122741445051590
1556	496.039436552366620
1557	406.122741445051590
1558	448.835043015279440
1559	406.122741445051590
1560	406.122741445051590
1561	406.122741445051590
1562	950.183793519781830
1563	349.553082968934860
1564	580306.701658077310000
1565	0.000000000000063
1566	640287.434233871640000
1567	0.000000000000068
1568	645639.946760064460000
1569	0.000000000000068
1570	646097.266329107110000
1571	0.000000000000068
1572	646135.269629056450000
1573	0.000000000000068
1574	646138.329067999960000
1575	0.000000000000068
1576	646138.520716893950000
1577	0.000000000000068
1578	645956.022908341020000
1579	0.000000000000068
1580	508912.577588269550000
1581	0.000000000000054
1582	349.553082968934860
1583	349.553082968934860
1584	817.830770150907820
1585	300.863126697138680
1586	544110.037687009430000
1587	0.000000000000058
1588	600420.873627901540000
1589	0.000000000000062
1590	605449.448317607860000
1591	0.000000000000063
1592	605879.288187851430000
1593	0.000000000000063
1594	605915.019936674970000
1595	0.000000000000063
1596	605917.897924063840000
1597	0.000000000000063
1598	605918.078681673040000
1599	0.000000000000063
1600	605735.059070754560000
1601	0.000000000000063
1602	477189.765757779300000
1603	0.000000000000049
1604	300.863126697138680
1605	300.863126697138680
1606	703.913467236874000
1607	258.955292959128490
1608	471419.435522600370000
1609	0.000000000000051
1610	520215.304440709590000
1611	0.000000000000054
1612	524573.231616529870000
1613	0.000000000000054
1614	524945.769811439100000
1615	0.000000000000054
1616	524976.739700595500000
1617	0.000000000000054
1618	524979.234301030640000
1619	0.000000000000054
1620	524979.391042122270000
1621	0.000000000000054
1622	524820.035085437940000
1623	0.000000000000054
1624	413443.712632235780000
1625	0.000000000000043
1626	258.955292959128490
1627	258.955292959128490
1628	605.863935963944190
1629	222.884886186996850
1630	405966.266674205660000
1631	0.000000000000043
1632	447987.900280670150000
1633	0.000000000000047
1634	451740.866760463630000
1635	0.000000000000047
1636	452061.692155027700000
1637	0.000000000000047
1638	452088.363194234550000
1639	0.000000000000047
1640	452090.511539360740000
1641	0.000000000000047
1642	452090.646529821680000
1643	0.000000000000047
1644	451953.364186897990000
1645	0.000000000000047
1646	356040.518098823840000
1647	0.000000000000037
1648	222.884886186996850
1649	222.884886186996850
1650	521.471922310205510
1651	191.838799366479090
1652	349432.738484282860000
1653	0.000000000000037
1654	385602.636047214330000
1655	0.000000000000040
1656	388832.985470265500000
1657	0.000000000000040
1658	389109.134719048160000
1659	0.000000000000040
1660	389132.091727590830000
1661	0.000000000000040
1662	389133.940909640980000
1663	0.000000000000040
1664	389134.057102715360000
1665	0.000000000000040
1666	389015.888850388230000
1667	0.000000000000040
1668	306459.526798189680000
1669	0.000000000000032
1670	191.838799366479090
1671	191.838799366479090
1672	448.835043015279440
1673	165.117184802720890
1674	300760.508037536700000
1675	0.000000000000032
1676	331892.331535766130000
1677	0.000000000000034
1678	334672.728625223040000
1679	0.000000000000035
1680	334910.413320318560000
1681	0.000000000000035
1682	334930.172670935630000
1683	0.000000000000035
1684	334931.764282444080000
1685	0.000000000000035
1686	334931.864291126490000
1687	0.000000000000035
1688	334830.155386142030000
1689	0.000000000000035
1690	263773.006876992000000
1691	0.000000000000027
1692	165.117184802720890
1693	165.117184802720890
1694	386.315901621828970
1695	142.117678003610390
1696	258867.032515513540000
1697	0.000000000000028
1698	285662.448304556430000
1699	0.000000000000030
1700	288055.558901047040000
1701	0.000000000000030
1702	288260.136070163050000
1703	0.000000000000030
1704	288277.143105618600000
1705	0.000000000000030
1706	288278.513018713040000
1707	0.000000000000030
1708	288278.599097034660000
1709	0.000000000000030
1710	288191.057395000130000
1711	0.000000000000030
1712	227031.587589047090000
1713	0.000000000000023
1714	142.117678003610390
1715	142.117678003610390
1716	332.505177946856350
1717	122.321819049170000
1718	222808.923985184840000
1719	0.000000000000024
1720	245871.952552128990000
1721	0.000000000000026
1722	247931.721974057700000
1723	0.000000000000026
1724	248107.803179084090000
1725	0.000000000000026
1726	248122.441270460870000
1727	0.000000000000026
1728	248123.620365620970000
1729	0.000000000000026
1730	248123.694453815460000
1731	0.000000000000026
1732	248048.346609919190000
1733	0.000000000000026
1734	195407.902097390440000
1735	0.000000000000020
1736	122.321819049170000
1737	122.321819049170000
1738	286.189858860370920
1739	105.283365346331190
1740	191773.419100137400000
1741	0.000000000000021
1742	211623.952003847110000
1743	0.000000000000022
1744	213396.811998775490000
1745	0.000000000000022
1746	213548.366498442340000
1747	0.000000000000022
1748	213560.965620602950000
1749	0.000000000000022
1750	213561.980474680310000
1751	0.000000000000022
1752	213562.044209168090000
1753	0.000000000000022
1754	213497.191543513910000
1755	0.000000000000022
1756	168189.140595138390000
1757	0.000000000000017
1758	105.283365346331190
1759	105.283365346331190
1760	246.325894293226380
1761	90.618232338504882
1762	165060.907747981080000
1763	0.000000000000018
1764	182146.419357039210000
1765	0.000000000000019
1766	183672.334065461910000
1767	0.000000000000019
1768	183802.778229597230000
1769	0.000000000000019
1770	183813.622394216160000
1771	0.000000000000019
1772	183814.495853814440000
1773	0.000000000000019
1774	183814.550440409510000
1775	0.000000000000019
1776	183758.730834821530000
1777	0.000000000000019
1778	144761.731454806960000
1779	0.000000000000015
1780	90.618232338504882
1781	90.618232338504882
1782	212.014662018379430
1783	77.995835383443975
1784	142018.153516254240000
1785	0.000000000000015
1786	156714.333549091180000
1787	0.000000000000016
1788	158026.852612985620000
1789	0.000000000000016
1790	158139.055935051580000
1791	0.000000000000016
1792	158148.383788635950000
1793	0.000000000000016
1794	158149.134952285710000
1795	0.000000000000016
1796	158149.181528974670000
1797	0.000000000000016
1798	158104.065460812040000
1799	0.000000000000016
1800	124560.024411876550000
1801	0.000000000000013
1802	77.995835383443975
1803	77.995835383443975
1804	182.482710717989760
1805	67.131637642423499
1806	83517.431336291949000
1807	0.000000000000009
1808	92142.577451531732000
1809	0.000000000000010
1810	92912.429365094038000
1811	0.000000000000010
1812	92978.219324022852000
1813	0.000000000000010
1814	92983.687371477470000
1815	0.000000000000010
1816	92984.127438823009000
1817	0.000000000000010
1818	92984.155137381604000
1819	0.000000000000010
1820	92964.864112587908000
1821	0.000000000000010
1822	73262.326401018814000
1823	0.000000000000008
1824	67.131637642423499
1825	67.131637642423499
1826	149.404207169849140
1827	54.962736242454540
1828	135.186517059181990
1829	54.962736242454540
1830	122.321819049170000
1831	54.962736242454540
1832	110.681358917947140
1833	54.962736242454540
1834	100.148635028155270
1835	54.962736242454540
1836	90.618232338504882
1837	54.962736242454540
1838	81.994767376506971
1839	54.962736242454540
1840	74.191933604890409
1841	54.962736242454540
1842	67.131637642423499
1843	54.962736242454540
1844	60.743217672981693
1845	54.962736242454540
1846	54.962736242454540
1847	54.962736242454540
1848	1103.956068193153200
1849	332.505177946856350
1850	998.900758372575640
1851	332.505177946856350
1852	903.842783076397040
1853	332.505177946856350
1854	817.830770150907820
1855	332.505177946856350
1856	740.003882454663770
1857	332.505177946856350
1858	669.583202336955990
1859	332.505177946856350
1860	605.863935963944190
1861	332.505177946856350
1862	548.208359497179460
1863	332.505177946856350
1864	496.039436552366620
1865	332.505177946856350
1866	448.835043015279440
1867	332.505177946856350
1868	406.122741445051590
1869	332.505177946856350
1870	950.183793519781830
1871	286.189858860370920
1872	475116.328174138440000
1873	0.000000000000052
1874	524224.531319837550000
1875	0.000000000000055
1876	528606.798783698580000
1877	0.000000000000056
1878	528981.210391214470000
1879	0.000000000000056
1880	529012.314900241560000
1881	0.000000000000056
1882	529014.810663956680000
1883	0.000000000000056
1884	529014.959307034150000
1885	0.000000000000056
1886	528865.534411198810000
1887	0.000000000000056
1888	416663.532422730180000
1889	0.000000000000044
1890	349.553082968934860
1891	286.189858860370920
1892	817.830770150907820
1893	246.325894293226380
1894	445480.921254051790000
1895	0.000000000000048
1896	491584.459324693020000
1897	0.000000000000051
1898	495701.508949377980000
1899	0.000000000000051
1900	496053.422742356600000
1901	0.000000000000051
1902	496082.668113686780000
1903	0.000000000000051
1904	496085.015910730930000
1905	0.000000000000051
1906	496085.156170537060000
1907	0.000000000000051
1908	495935.304523698350000
1909	0.000000000000051
1910	390691.020219178460000
1911	0.000000000000041
1912	300.863126697138680
1913	246.325894293226380
1914	703.913467236874000
1915	212.014662018379430
1916	385966.716234434860000
1917	0.000000000000041
1918	425917.503049155460000
1919	0.000000000000044
1920	429485.472821664710000
1921	0.000000000000044
1922	429790.473221713620000
1923	0.000000000000044
1924	429815.821159781540000
1925	0.000000000000044
1926	429817.856205077610000
1927	0.000000000000044
1928	429817.977837460290000
1929	0.000000000000044
1930	429687.501400122770000
1931	0.000000000000044
1932	338500.021492605620000
1933	0.000000000000035
1934	258.955292959128490
1935	212.014662018379430
1936	605.863935963944190
1937	182.482710717989760
1938	332378.037580977370000
1939	0.000000000000036
1940	366782.534583857400000
1941	0.000000000000038
1942	369855.204323585150000
1943	0.000000000000038
1944	370117.866985509700000
1945	0.000000000000038
1946	370139.696442693530000
1947	0.000000000000038
1948	370141.449020462050000
1949	0.000000000000038
1950	370141.553774977160000
1951	0.000000000000038
1952	370029.150630180140000
1953	0.000000000000038
1954	291502.130404106870000
1955	0.000000000000030
1956	222.884886186996850
1957	182.482710717989760
1958	521.471922310205510
1959	157.064324674579610
1960	286092.164346248900000
1961	0.000000000000031
1962	315705.652102629420000
1963	0.000000000000033
1964	318350.439093043850000
1965	0.000000000000033
1966	318576.524989036550000
1967	0.000000000000033
1968	318595.314621968190000
1969	0.000000000000033
1970	318596.823148427710000
1971	0.000000000000033
1972	318596.913315960320000
1973	0.000000000000033
1974	318500.160282214060000
1975	0.000000000000033
1976	250908.535415396500000
1977	0.000000000000026
1978	191.838799366479090
1979	157.064324674579610
1980	448.835043015279440
1981	135.186517059181990
1982	246242.596121929620000
1983	0.000000000000026
1984	271731.246522293480000
1985	0.000000000000028
1986	274007.643619770130000
1987	0.000000000000028
1988	274202.238236611190000
1989	0.000000000000028
1990	274218.410681060280000
1991	0.000000000000028
1992	274219.709086501270000
1993	0.000000000000028
1994	274219.786694729180000
1995	0.000000000000028
1996	274136.510138452580000
1997	0.000000000000028
1998	215959.671833699630000
1999	0.000000000000022
2000	165.117184802720890
2001	135.186517059181990
2002	386.315901621828970
2003	116.356113537807300
2004	211943.019224605490000
2005	0.000000000000023
2006	233881.309650095270000
2007	0.000000000000024
2008	235840.623316619430000
2009	0.000000000000024
2010	236008.112501523340000
2011	0.000000000000024
2012	236022.032257342650000
2013	0.000000000000024
2014	236023.149805584540000
2015	0.000000000000024
2016	236023.216603619950000
2017	0.000000000000024
2018	235951.539777754780000
2019	0.000000000000024
2020	185878.258477298280000
2021	0.000000000000019
2022	142.117678003610390
2023	116.356113537807300
2024	332.505177946856350
2025	100.148635028155270
2026	182421.050686612290000
2027	0.000000000000020
2028	201303.512626238600000
2029	0.000000000000021
2030	202989.909562592340000
2031	0.000000000000021
2032	203134.068843085140000
2033	0.000000000000021
2034	203146.049688212020000
2035	0.000000000000021
2036	203147.011570903760000
2037	0.000000000000021
2038	203147.069064438780000
2039	0.000000000000021
2040	203085.376246465430000
2041	0.000000000000021
2042	159986.902793077840000
2043	0.000000000000017
2044	122.321819049170000
2045	100.148635028155270
2046	286.189858860370920
2047	86.198728996799943
2048	157011.254217904150000
2049	0.000000000000017
2050	173263.540032943710000
2051	0.000000000000018
2052	174715.035347011990000
2053	0.000000000000018
2054	174839.114391242620000
2055	0.000000000000018
2056	174849.426400334660000
2057	0.000000000000018
2058	174850.254298386540000
2059	0.000000000000018
2060	174850.303755869130000
2061	0.000000000000018
2062	174797.204111912140000
2063	0.000000000000018
2064	137702.003851239340000
2065	0.000000000000014
2066	105.283365346331190
2067	86.198728996799943
2068	246.325894293226380
2069	74.191933604890409
2070	135140.835824275850000
2071	0.000000000000014
2072	149129.307532126380000
2073	0.000000000000015
2074	150378.621101610680000
2075	0.000000000000016
2076	150485.416922539850000
2077	0.000000000000016
2078	150494.292550761430000
2079	0.000000000000016
2080	150495.005101890390000
2081	0.000000000000016
2082	150495.047449589820000
2083	0.000000000000016
2084	150449.343838091010000
2085	0.000000000000016
2086	118521.210293378190000
2087	0.000000000000012
2088	90.618232338504882
2089	74.191933604890409
2090	212.014662018379430
2091	63.857589040441589
2092	116274.969096599090000
2093	0.000000000000012
2094	128307.216230558170000
2095	0.000000000000013
2096	129381.816181976860000
2097	0.000000000000013
2098	129473.678059103830000
2099	0.000000000000013
2100	129481.312631001430000
2101	0.000000000000013
2102	129481.925414696520000
2103	0.000000000000013
2104	129481.961533911480000
2105	0.000000000000013
2106	129445.021592997000000
2107	0.000000000000013
2108	101981.405494756840000
2109	0.000000000000011
2110	77.995835383443975
2111	63.857589040441589
2112	182.482710717989760
2113	54.962736242454540
2114	68378.488503378001000
2115	0.000000000000007
2116	75440.179925234974000
2117	0.000000000000008
2118	76070.481491365805000
2119	0.000000000000008
2120	76124.344327820800000
2121	0.000000000000008
2122	76128.819763396925000
2123	0.000000000000008
2124	76129.178761254938000
2125	0.000000000000008
2126	76129.200261070990000
2127	0.000000000000008
2128	76113.404957862222000
2129	0.000000000000008
2130	59982.285704616050000
2131	0.000000000000006
2132	67.131637642423499
2133	54.962736242454540
2134	149.404207169849140
2135	44.999682434952064
2136	135.186517059181990
2137	44.999682434952064
2138	122.321819049170000
2139	44.999682434952064
2140	110.681358917947140
2141	44.999682434952064
2142	100.148635028155270
2143	44.999682434952064
2144	90.618232338504882
2145	44.999682434952064
2146	81.994767376506971
2147	44.999682434952064
2148	74.191933604890409
2149	44.999682434952064
2150	67.131637642423499
2151	44.999682434952064
2152	60.743217672981693
2153	44.999682434952064
2154	54.962736242454540
2155	44.999682434952064
2156	1103.956068193153200
2157	272.232214742243630
2158	998.900758372575640
2159	272.232214742243630
2160	903.842783076397040
2161	272.232214742243630
2162	817.830770150907820
2163	272.232214742243630
2164	740.003882454663770
2165	272.232214742243630
2166	669.583202336955990
2167	272.232214742243630
2168	605.863935963944190
2169	272.232214742243630
2170	548.208359497179460
2171	272.232214742243630
2172	496.039436552366620
2173	272.232214742243630
2174	448.835043015279440
2175	272.232214742243630
2176	406.122741445051590
2177	272.232214742243630
2178	950.183793519781830
2179	234.312438668121530
2180	388992.552373678540000
2181	0.000000000000042
2182	429198.955182551460000
2183	0.000000000000045
2184	432786.841703008630000
2185	0.000000000000045
2186	433093.373019919030000
2187	0.000000000000045
2188	433118.829193303770000
2189	0.000000000000045
2190	433120.863418922240000
2191	0.000000000000045
2192	433120.976596143800000
2193	0.000000000000045
2194	432998.629889212840000
2195	0.000000000000045
2196	341135.363176363170000
2197	0.000000000000036
2198	349.553082968934860
2199	234.312438668121530
2200	817.830770150907820
2201	201.674584937528550
2202	364729.120437589120000
2203	0.000000000000039
2204	402475.511281001960000
2205	0.000000000000042
2206	405846.256511193760000
2207	0.000000000000042
2208	406134.368893900770000
2209	0.000000000000042
2210	406158.303589997410000
2211	0.000000000000042
2212	406160.217260839590000
2213	0.000000000000042
2214	406160.324070925010000
2215	0.000000000000042
2216	406037.628306870470000
2217	0.000000000000042
2218	319870.861262248190000
2219	0.000000000000033
2220	300.863126697138680
2221	201.674584937528550
2222	703.913467236874000
2223	173.582923897987260
2224	316002.985089546480000
2225	0.000000000000034
2226	348711.928421884430000
2227	0.000000000000036
2228	351633.126420715650000
2229	0.000000000000036
2230	351882.830741148910000
2231	0.000000000000036
2232	351903.575746892250000
2233	0.000000000000036
2234	351905.234502537060000
2235	0.000000000000036
2236	351905.327132792440000
2237	0.000000000000036
2238	351798.495455232270000
2239	0.000000000000036
2240	277140.471116871980000
2241	0.000000000000029
2242	258.955292959128490
2243	173.582923897987260
2244	605.863935963944190
2245	149.404207169849140
2246	272128.262968571970000
2247	0.000000000000029
2248	300296.287495818630000
2249	0.000000000000031
2250	302811.969317610030000
2251	0.000000000000031
2252	303027.011664104180000
2253	0.000000000000031
2254	303044.877110607280000
2255	0.000000000000031
2256	303046.305628939880000
2257	0.000000000000031
2258	303046.385406290240000
2259	0.000000000000031
2260	302954.351805711050000
2261	0.000000000000031
2262	238661.839355308710000
2263	0.000000000000025
2264	222.884886186996850
2265	149.404207169849140
2266	521.471922310205510
2267	128.593392822344920
2268	234232.575350003960000
2269	0.000000000000025
2270	258478.052602342100000
2271	0.000000000000027
2272	260643.414687438260000
2273	0.000000000000027
2274	260828.511576536640000
2275	0.000000000000027
2276	260843.889200460370000
2277	0.000000000000027
2278	260845.118793708480000
2279	0.000000000000027
2280	260845.187462182190000
2281	0.000000000000027
2282	260765.967881018910000
2283	0.000000000000027
2284	205426.603535065630000
2285	0.000000000000021
2286	191.838799366479090
2287	128.593392822344920
2288	448.835043015279440
2289	110.681358917947140
2290	201606.491328775010000
2291	0.000000000000022
2292	222474.836812401600000
2293	0.000000000000023
2294	224338.587648794050000
2295	0.000000000000023
2296	224497.902576664960000
2297	0.000000000000023
2298	224511.138267305740000
2299	0.000000000000023
2300	224512.196591855870000
2301	0.000000000000023
2302	224512.255695593490000
2303	0.000000000000023
2304	224444.070403077900000
2305	0.000000000000023
2306	176812.884471609340000
2307	0.000000000000018
2308	165.117184802720890
2309	110.681358917947140
2310	386.315901621828970
2311	95.264328462343045
2312	173524.358256616950000
2313	0.000000000000019
2314	191485.914350309960000
2315	0.000000000000020
2316	193090.059992936030000
2317	0.000000000000020
2318	193227.183659789500000
2319	0.000000000000020
2320	193238.575727473280000
2321	0.000000000000020
2322	193239.486636115530000
2323	0.000000000000020
2324	193239.537507187580000
2325	0.000000000000020
2326	193180.849857782680000
2327	0.000000000000020
2328	152184.297942615230000
2329	0.000000000000016
2330	142.117678003610390
2331	95.264328462343045
2332	332.505177946856350
2333	81.994767376506971
2334	149353.802114804920000
2335	0.000000000000016
2336	164813.457025818440000
2337	0.000000000000017
2338	166194.158004631140000
2339	0.000000000000017
2340	166312.181440959980000
2341	0.000000000000017
2342	166321.986684710840000
2343	0.000000000000017
2344	166322.770711053420000
2345	0.000000000000017
2346	166322.814496123610000
2347	0.000000000000017
2348	166272.301566355800000
2349	0.000000000000017
2350	130986.241645628730000
2351	0.000000000000014
2352	122.321819049170000
2353	81.994767376506971
2354	286.189858860370920
2355	70.573550305567920
2356	128550.009454462110000
2357	0.000000000000014
2358	141856.257917251090000
2359	0.000000000000015
2360	143044.638278478580000
2361	0.000000000000015
2362	143146.221992845790000
2363	0.000000000000015
2364	143154.661444451020000
2365	0.000000000000015
2366	143155.336260525630000
2367	0.000000000000015
2368	143155.373924526790000
2369	0.000000000000015
2370	143111.896927921040000
2371	0.000000000000015
2372	112740.903385729120000
2373	0.000000000000012
2374	105.283365346331190
2375	70.573550305567920
2376	246.325894293226380
2377	60.743217672981693
2378	110644.015915609450000
2379	0.000000000000012
2380	122096.809807710960000
2381	0.000000000000013
2382	123119.658240524670000
2383	0.000000000000013
2384	123207.092151788560000
2385	0.000000000000013
2386	123214.356054874020000
2387	0.000000000000013
2388	123214.936852547060000
2389	0.000000000000013
2390	123214.969094973610000
2391	0.000000000000013
2392	123177.547855823710000
2393	0.000000000000013
2394	97036.992496498380000
2395	0.000000000000010
2396	90.618232338504882
2397	60.743217672981693
2398	212.014662018379430
2399	52.282171964877811
2400	95197.942488258836000
2401	0.000000000000010
2402	105049.114828334660000
2403	0.000000000000011
2404	105928.920262481510000
2405	0.000000000000011
2406	106004.127728662400000
2407	0.000000000000011
2408	106010.375938226240000
2409	0.000000000000011
2410	106010.875417141520000
2411	0.000000000000011
2412	106010.902922514330000
2413	0.000000000000011
2414	105980.657169288840000
2415	0.000000000000011
2416	83495.341100507590000
2417	0.000000000000009
2418	77.995835383443975
2419	52.282171964877811
2420	182.482710717989760
2421	44.999682434952064
2422	55983.600521508968000
2423	0.000000000000006
2424	61765.225367725405000
2425	0.000000000000007
2426	62281.271122003258000
2427	0.000000000000007
2428	62325.368713618249000
2429	0.000000000000007
2430	62329.031455337885000
2431	0.000000000000007
2432	62329.324076346347000
2433	0.000000000000007
2434	62329.340491530442000
2435	0.000000000000007
2436	62316.407342988961000
2437	0.000000000000007
2438	49109.358642211133000
2439	0.000000000000005
2440	67.131637642423499
2441	44.999682434952064
2442	149.404207169849140
2443	36.842623888342189
2444	135.186517059181990
2445	36.842623888342189
2446	122.321819049170000
2447	36.842623888342189
2448	110.681358917947140
2449	36.842623888342189
2450	100.148635028155270
2451	36.842623888342189
2452	90.618232338504882
2453	36.842623888342189
2454	81.994767376506971
2455	36.842623888342189
2456	74.191933604890409
2457	36.842623888342189
2458	67.131637642423499
2459	36.842623888342189
2460	60.743217672981693
2461	36.842623888342189
2462	54.962736242454540
2463	36.842623888342189
2464	1103.956068193153200
2465	222.884886186996850
2466	998.900758372575640
2467	222.884886186996850
2468	903.842783076397040
2469	222.884886186996850
2470	817.830770150907820
2471	222.884886186996850
2472	740.003882454663770
2473	222.884886186996850
2474	669.583202336955990
2475	222.884886186996850
2476	605.863935963944190
2477	222.884886186996850
2478	548.208359497179460
2479	222.884886186996850
2480	496.039436552366620
2481	222.884886186996850
2482	448.835043015279440
2483	222.884886186996850
2484	406.122741445051590
2485	222.884886186996850
2486	950.183793519781830
2487	191.838799366479090
2488	318422.767055785630000
2489	0.000000000000035
2490	351330.361399879160000
2491	0.000000000000037
2492	354266.912394552900000
2493	0.000000000000037
2494	354517.788460939720000
2495	0.000000000000037
2496	354538.613677931830000
2497	0.000000000000037
2498	354540.269360788400000
2499	0.000000000000037
2500	354540.353287623610000
2501	0.000000000000037
2502	354443.474823583270000
2503	0.000000000000037
2504	279255.802015750790000
2505	0.000000000000029
2506	349.553082968934860
2507	191.838799366479090
2508	817.830770150907820
2509	165.117184802720890
2510	298557.393406269020000
2511	0.000000000000032
2512	329450.864933054840000
2513	0.000000000000034
2514	332209.632651444870000
2515	0.000000000000034
2516	332445.428941858470000
2517	0.000000000000034
2518	332465.009104104650000
2519	0.000000000000034
2520	332466.566655412200000
2521	0.000000000000034
2522	332466.645749479650000
2523	0.000000000000034
2524	332369.491309829110000
2525	0.000000000000034
2526	261845.785150963350000
2527	0.000000000000027
2528	300.863126697138680
2529	165.117184802720890
2530	703.913467236874000
2531	142.117678003610390
2532	258671.251027076100000
2533	0.000000000000028
2534	285441.786955342920000
2535	0.000000000000030
2536	287832.621227980820000
2537	0.000000000000030
2538	288036.983349574440000
2539	0.000000000000030
2540	288053.954113954100000
2541	0.000000000000030
2542	288055.304190209370000
2543	0.000000000000030
2544	288055.372780270230000
2545	0.000000000000030
2546	287970.780068155090000
2547	0.000000000000030
2548	226866.574157972120000
2549	0.000000000000023
2550	258.955292959128490
2551	142.117678003610390
2552	605.863935963944190
2553	122.321819049170000
2554	222756.608162149900000
2555	0.000000000000024
2556	245810.639861690780000
2557	0.000000000000026
2558	247869.581965651570000
2559	0.000000000000026
2560	248045.576136614780000
2561	0.000000000000026
2562	248060.191233045330000
2563	0.000000000000026
2564	248061.353917417410000
2565	0.000000000000026
2566	248061.412990277200000
2567	0.000000000000026
2568	247988.537868122250000
2569	0.000000000000026
2570	195368.039812774800000
2571	0.000000000000020
2572	222.884886186996850
2573	122.321819049170000
2574	521.471922310205510
2575	105.283365346331190
2576	191736.253890638070000
2577	0.000000000000021
2578	211579.888832217430000
2579	0.000000000000022
2580	213352.114193104820000
2581	0.000000000000022
2582	213503.600510933790000
2583	0.000000000000022
2584	213516.180406732160000
2585	0.000000000000022
2586	213517.181184169170000
2587	0.000000000000022
2588	213517.232031240770000
2589	0.000000000000022
2590	213454.503456087460000
2591	0.000000000000022
2592	168161.750457562390000
2593	0.000000000000017
2594	191.838799366479090
2595	105.283365346331190
2596	448.835043015279440
2597	90.618232338504882
2598	165029.451320233490000
2599	0.000000000000018
2600	182109.083327466850000
2601	0.000000000000019
2602	183634.457083184910000
2603	0.000000000000019
2604	183764.843022665530000
2605	0.000000000000019
2606	183775.670677838960000
2607	0.000000000000019
2608	183776.532058076350000
2609	0.000000000000019
2610	183776.575822732530000
2611	0.000000000000019
2612	183722.584547070840000
2613	0.000000000000019
2614	144738.625057240830000
2615	0.000000000000015
2616	165.117184802720890
2617	90.618232338504882
2618	386.315901621828970
2619	77.995835383443975
2620	142042.200348522050000
2621	0.000000000000015
2622	156742.779682019200000
2623	0.000000000000016
2624	158055.681393815610000
2625	0.000000000000016
2626	158167.905642769390000
2627	0.000000000000016
2628	158177.225094542080000
2629	0.000000000000016
2630	158177.966491600820000
2631	0.000000000000016
2632	158178.004160201700000
2633	0.000000000000016
2634	158131.533419361800000
2635	0.000000000000016
2636	124577.720140494930000
2637	0.000000000000013
2638	142.117678003610390
2639	77.995835383443975
2640	332.505177946856350
2641	67.131637642423499
2642	122256.857169097810000
2643	0.000000000000013
2644	134909.763314891780000
2645	0.000000000000014
2646	136039.788314125090000
2647	0.000000000000014
2648	136136.380622408560000
2649	0.000000000000014
2650	136144.401949057970000
2651	0.000000000000014
2652	136145.040075423600000
2653	0.000000000000014
2654	136145.072497050480000
2655	0.000000000000014
2656	136105.074758337550000
2657	0.000000000000014
2658	107225.039472196760000
2659	0.000000000000011
2660	122.321819049170000
2661	67.131637642423499
2662	286.189858860370920
2663	57.780735989334026
2664	105227.452628848460000
2665	0.000000000000011
2666	116117.909994505210000
2667	0.000000000000012
2668	117090.531536197190000
2669	0.000000000000012
2670	117173.669307347970000
2671	0.000000000000012
2672	117180.573327248490000
2673	0.000000000000012
2674	117181.122566547990000
2675	0.000000000000012
2676	117181.150456466550000
2677	0.000000000000012
2678	117146.724002493250000
2679	0.000000000000012
2680	92289.447047017180000
2681	0.000000000000010
2682	105.283365346331190
2683	57.780735989334026
2684	246.325894293226380
2685	49.732340349742636
2686	90570.105575691239000
2687	0.000000000000010
2688	99943.608783893782000
2689	0.000000000000010
2690	100780.751877002450000
2691	0.000000000000010
2692	100852.309217590980000
2693	0.000000000000010
2694	100858.251562368310000
2695	0.000000000000010
2696	100858.724281552340000
2697	0.000000000000010
2698	100858.748168516690000
2699	0.000000000000010
2700	100829.116934391840000
2701	0.000000000000010
2702	79434.261328574255000
2703	0.000000000000008
2704	90.618232338504882
2705	49.732340349742636
2706	212.014662018379430
2707	42.805022025414630
2708	77927.299007513328000
2709	0.000000000000008
2710	85990.129332646859000
2711	0.000000000000009
2712	86710.215074571024000
2713	0.000000000000009
2714	86771.767364600062000
2715	0.000000000000009
2716	86776.878909491264000
2717	0.000000000000009
2718	86777.285461673659000
2719	0.000000000000009
2720	86777.305904621200000
2721	0.000000000000009
2722	86753.356512458398000
2723	0.000000000000009
2724	68349.772509548362000
2725	0.000000000000007
2726	77.995835383443975
2727	42.805022025414630
2728	182.482710717989760
2729	36.842623888342189
2730	45829.435298877026000
2731	0.000000000000005
2732	50561.906817002222000
2733	0.000000000000005
2734	50984.307288209879000
2735	0.000000000000005
2736	51020.401366027698000
2737	0.000000000000005
2738	51023.398044545902000
2739	0.000000000000005
2740	51023.636258365317000
2741	0.000000000000005
2742	51023.648541445000000
2743	0.000000000000005
2744	51013.407488336758000
2745	0.000000000000005
2746	40202.884782023320000
2747	0.000000000000004
2748	67.131637642423499
2749	36.842623888342189
2750	149.404207169849140
2751	30.164189201328703
2752	135.186517059181990
2753	30.164189201328703
2754	122.321819049170000
2755	30.164189201328703
2756	110.681358917947140
2757	30.164189201328703
2758	100.148635028155270
2759	30.164189201328703
2760	90.618232338504882
2761	30.164189201328703
2762	81.994767376506971
2763	30.164189201328703
2764	74.191933604890409
2765	30.164189201328703
2766	67.131637642423499
2767	30.164189201328703
2768	60.743217672981693
2769	30.164189201328703
2770	54.962736242454540
2771	30.164189201328703
2772	1103.956068193153200
2773	182.482710717989760
2774	998.900758372575640
2775	182.482710717989760
2776	903.842783076397040
2777	182.482710717989760
2778	817.830770150907820
2779	182.482710717989760
2780	740.003882454663770
2781	182.482710717989760
2782	669.583202336955990
2783	182.482710717989760
2784	605.863935963944190
2785	182.482710717989760
2786	548.208359497179460
2787	182.482710717989760
2788	496.039436552366620
2789	182.482710717989760
2790	448.835043015279440
2791	182.482710717989760
2792	406.122741445051590
2793	182.482710717989760
2794	950.183793519781830
2795	157.064324674579610
2796	213623.615480124890000
2797	0.000000000000023
2798	235686.358451814620000
2799	0.000000000000025
2800	237655.139874416260000
2801	0.000000000000025
2802	237823.336162477380000
2803	0.000000000000025
2804	237837.292755722560000
2805	0.000000000000025
2806	237838.396880273620000
2807	0.000000000000025
2808	237838.448398396690000
2809	0.000000000000025
2810	237783.487860627590000
2811	0.000000000000025
2812	187372.280737530880000
2813	0.000000000000020
2814	349.553082968934860
2815	157.064324674579610
2816	817.830770150907820
2817	135.186517059181990
2818	200284.893585990740000
2819	0.000000000000022
2820	220995.179220411260000
2821	0.000000000000023
2822	222844.579986481400000
2823	0.000000000000023
2824	223002.650596391030000
2825	0.000000000000023
2826	223015.771536818650000
2827	0.000000000000023
2828	223016.810106178400000
2829	0.000000000000023
2830	223016.858547289770000
2831	0.000000000000023
2832	222961.742443271450000
2833	0.000000000000023
2834	175682.278894602290000
2835	0.000000000000018
2836	300.863126697138680
2837	135.186517059181990
2838	703.913467236874000
2839	116.356113537807300
2840	173526.834584042660000
2841	0.000000000000019
2842	191473.059644678370000
2843	0.000000000000020
2844	193075.795819013260000
2845	0.000000000000020
2846	193212.792901793440000
2847	0.000000000000020
2848	193224.165168790030000
2849	0.000000000000020
2850	193225.065388954040000
2851	0.000000000000020
2852	193225.107391027590000
2853	0.000000000000020
2854	193177.117702191080000
2855	0.000000000000020
2856	152212.845481311090000
2857	0.000000000000016
2858	258.955292959128490
2859	116.356113537807300
2860	605.863935963944190
2861	100.148635028155270
2862	149433.832272803350000
2863	0.000000000000016
2864	164888.606936702300000
2865	0.000000000000017
2866	166268.852781705760000
2867	0.000000000000017
2868	166386.832934755400000
2869	0.000000000000017
2870	166396.626641713260000
2871	0.000000000000017
2872	166397.401910205080000
2873	0.000000000000017
2874	166397.438084069870000
2875	0.000000000000017
2876	166356.095826261240000
2877	0.000000000000017
2878	131079.323377871940000
2879	0.000000000000014
2880	222.884886186996850
2881	100.148635028155270
2882	521.471922310205510
2883	86.198728996799943
2884	128624.163938397480000
2885	0.000000000000014
2886	141926.778292271510000
2887	0.000000000000015
2888	143114.818780813400000
2889	0.000000000000015
2890	143216.369747538410000
2891	0.000000000000015
2892	143224.799648017650000
2893	0.000000000000015
2894	143225.466958271830000
2895	0.000000000000015
2896	143225.498094992920000
2897	0.000000000000015
2898	143189.912001962340000
2899	0.000000000000015
2900	112825.659851096470000
2901	0.000000000000012
2902	191.838799366479090
2903	86.198728996799943
2904	448.835043015279440
2905	74.191933604890409
2906	110708.198007899480000
2907	0.000000000000012
2908	122157.902550926840000
2909	0.000000000000013
2910	123180.461992818720000
2911	0.000000000000013
2912	123267.868026245470000
2913	0.000000000000013
2914	123275.123734617230000
2915	0.000000000000013
2916	123275.698095947970000
2917	0.000000000000013
2918	123275.724895684020000
2919	0.000000000000013
2920	123245.095496716530000
2921	0.000000000000013
2922	97110.257283068524000
2923	0.000000000000010
2924	165.117184802720890
2925	74.191933604890409
2926	386.315901621828970
2927	63.857589040441589
2928	95287.452715910273000
2929	0.000000000000010
2930	105142.307309173320000
2931	0.000000000000011
2932	106022.432613746570000
2933	0.000000000000011
2934	106097.663704549490000
2935	0.000000000000011
2936	106103.908752361690000
2937	0.000000000000011
2938	106104.403109879260000
2939	0.000000000000011
2940	106104.426176634150000
2941	0.000000000000011
2942	106078.063197736250000
2943	0.000000000000011
2944	83583.593863407383000
2945	0.000000000000009
2946	142.117678003610390
2947	63.857589040441589
2948	332.505177946856350
2949	54.962736242454540
2950	82014.672174671403000
2951	0.000000000000009
2952	90496.824300603024000
2953	0.000000000000009
2954	91254.355186312299000
2955	0.000000000000009
2956	91319.107187627495000
2957	0.000000000000009
2958	91324.482350206701000
2959	0.000000000000009
2960	91324.907847673938000
2961	0.000000000000009
2962	91324.927701398265000
2963	0.000000000000009
2964	91302.236874408132000
2965	0.000000000000009
2966	71941.067319561975000
2967	0.000000000000007
2968	122.321819049170000
2969	54.962736242454540
2970	286.189858860370920
2971	47.306865489923702
2972	70590.682773451234000
2973	0.000000000000008
2974	77891.338821756872000
2975	0.000000000000008
2976	78543.351702728381000
2977	0.000000000000008
2978	78599.084267191807000
2979	0.000000000000008
2980	78603.710712527405000
2981	0.000000000000008
2982	78604.076941100051000
2983	0.000000000000008
2984	78604.094022618243000
2985	0.000000000000008
2986	78584.563811772416000
2987	0.000000000000008
2988	61920.250636952595000
2989	0.000000000000006
2990	105.283365346331190
2991	47.306865489923702
2992	246.325894293226380
2993	40.717396466855973
2994	60757.962355441181000
2995	0.000000000000007
2996	67041.695012125056000
2997	0.000000000000007
2998	67602.887679019244000
2999	0.000000000000007
3000	67650.857140078675000
3001	0.000000000000007
3002	67654.839158331801000
3003	0.000000000000007
3004	67655.154367514639000
3005	0.000000000000007
3006	67655.169024264280000
3007	0.000000000000007
3008	67638.359226941233000
3009	0.000000000000007
3010	53295.252569422097000
3011	0.000000000000006
3012	90.618232338504882
3013	40.717396466855973
3014	212.014662018379430
3015	35.045787918344644
3016	52279.484665706805000
3017	0.000000000000006
3018	57685.097427845336000
3019	0.000000000000006
3020	58167.865273051160000
3021	0.000000000000006
3022	58209.131605341194000
3023	0.000000000000006
3024	58212.557215220419000
3025	0.000000000000006
3026	58212.828347113296000
3027	0.000000000000006
3028	58212.840966956130000
3029	0.000000000000006
3030	58199.254542994830000
3031	0.000000000000006
3032	45860.346204783993000
3033	0.000000000000005
3034	77.995835383443975
3035	35.045787918344644
3036	182.482710717989760
3037	30.164189201328703
3038	30752.806743516190000
3039	0.000000000000003
3040	33926.910358506873000
3041	0.000000000000004
3042	34210.215677184511000
3043	0.000000000000004
3044	34234.423746795634000
3045	0.000000000000004
3046	34236.432819565591000
3047	0.000000000000004
3048	34236.591768758241000
3049	0.000000000000004
3050	34236.599389862669000
3051	0.000000000000004
3052	34230.789360246883000
3053	0.000000000000004
3054	26979.885623568527000
3055	0.000000000000003
3056	67.131637642423499
3057	30.164189201328703
3058	149.404207169849140
3059	24.696349340859530
3060	135.186517059181990
3061	24.696349340859530
3062	122.321819049170000
3063	24.696349340859530
3064	110.681358917947140
3065	24.696349340859530
3066	100.148635028155270
3067	24.696349340859530
3068	90.618232338504882
3069	24.696349340859530
3070	81.994767376506971
3071	24.696349340859530
3072	74.191933604890409
3073	24.696349340859530
3074	67.131637642423499
3075	24.696349340859530
3076	60.743217672981693
3077	24.696349340859530
3078	54.962736242454540
3079	24.696349340859530
3080	1103.956068193153200
3081	149.404207169849140
3082	998.900758372575640
3083	149.404207169849140
3084	903.842783076397040
3085	149.404207169849140
3086	817.830770150907820
3087	149.404207169849140
3088	740.003882454663770
3089	149.404207169849140
3090	669.583202336955990
3091	149.404207169849140
3092	605.863935963944190
3093	149.404207169849140
3094	548.208359497179460
3095	149.404207169849140
3096	496.039436552366620
3097	149.404207169849140
3098	448.835043015279440
3099	149.404207169849140
3100	406.122741445051590
3101	149.404207169849140
3102	950.183793519781830
3103	128.593392822344920
3104	859.761850387958020
3105	128.593392822344920
3106	777.944692829977840
3107	128.593392822344920
3108	703.913467236874000
3109	128.593392822344920
3110	636.927244215055230
3111	128.593392822344920
3112	576.315603129073220
3113	128.593392822344920
3114	521.471922310205510
3115	128.593392822344920
3116	471.847307762126890
3117	128.593392822344920
3118	426.945099662940610
3119	128.593392822344920
3120	386.315901621828970
3121	128.593392822344920
3122	349.553082968934860
3123	128.593392822344920
3124	817.830770150907820
3125	110.681358917947140
3126	740.003882454663770
3127	110.681358917947140
3128	669.583202336955990
3129	110.681358917947140
3130	605.863935963944190
3131	110.681358917947140
3132	548.208359497179460
3133	110.681358917947140
3134	496.039436552366620
3135	110.681358917947140
3136	448.835043015279440
3137	110.681358917947140
3138	406.122741445051590
3139	110.681358917947140
3140	367.475052775082300
3141	110.681358917947140
3142	332.505177946856350
3143	110.681358917947140
3144	300.863126697138680
3145	110.681358917947140
3146	703.913467236874000
3147	95.264328462343045
3148	636.927244215055230
3149	95.264328462343045
3150	576.315603129073220
3151	95.264328462343045
3152	521.471922310205510
3153	95.264328462343045
3154	471.847307762126890
3155	95.264328462343045
3156	426.945099662940610
3157	95.264328462343045
3158	386.315901621828970
3159	95.264328462343045
3160	349.553082968934860
3161	95.264328462343045
3162	316.288709060171130
3163	95.264328462343045
3164	286.189858860370920
3165	95.264328462343045
3166	258.955292959128490
3167	95.264328462343045
3168	605.863935963944190
3169	81.994767376506971
3170	548.208359497179460
3171	81.994767376506971
3172	496.039436552366620
3173	81.994767376506971
3174	448.835043015279440
3175	81.994767376506971
3176	406.122741445051590
3177	81.994767376506971
3178	367.475052775082300
3179	81.994767376506971
3180	332.505177946856350
3181	81.994767376506971
3182	300.863126697138680
3183	81.994767376506971
3184	272.232214742243630
3185	81.994767376506971
3186	246.325894293226380
3187	81.994767376506971
3188	222.884886186996850
3189	81.994767376506971
3190	521.471922310205510
3191	70.573550305567920
3192	471.847307762126890
3193	70.573550305567920
3194	426.945099662940610
3195	70.573550305567920
3196	386.315901621828970
3197	70.573550305567920
3198	349.553082968934860
3199	70.573550305567920
3200	316.288709060171130
3201	70.573550305567920
3202	286.189858860370920
3203	70.573550305567920
3204	258.955292959128490
3205	70.573550305567920
3206	234.312438668121530
3207	70.573550305567920
3208	212.014662018379430
3209	70.573550305567920
3210	191.838799366479090
3211	70.573550305567920
3212	448.835043015279440
3213	60.743217672981693
3214	406.122741445051590
3215	60.743217672981693
3216	367.475052775082300
3217	60.743217672981693
3218	332.505177946856350
3219	60.743217672981693
3220	300.863126697138680
3221	60.743217672981693
3222	272.232214742243630
3223	60.743217672981693
3224	246.325894293226380
3225	60.743217672981693
3226	222.884886186996850
3227	60.743217672981693
3228	201.674584937528550
3229	60.743217672981693
3230	182.482710717989760
3231	60.743217672981693
3232	165.117184802720890
3233	60.743217672981693
3234	386.315901621828970
3235	52.282171964877811
3236	349.553082968934860
3237	52.282171964877811
3238	316.288709060171130
3239	52.282171964877811
3240	286.189858860370920
3241	52.282171964877811
3242	258.955292959128490
3243	52.282171964877811
3244	234.312438668121530
3245	52.282171964877811
3246	212.014662018379430
3247	52.282171964877811
3248	191.838799366479090
3249	52.282171964877811
3250	173.582923897987260
3251	52.282171964877811
3252	157.064324674579610
3253	52.282171964877811
3254	142.117678003610390
3255	52.282171964877811
3256	332.505177946856350
3257	44.999682434952064
3258	300.863126697138680
3259	44.999682434952064
3260	272.232214742243630
3261	44.999682434952064
3262	246.325894293226380
3263	44.999682434952064
3264	222.884886186996850
3265	44.999682434952064
3266	201.674584937528550
3267	44.999682434952064
3268	182.482710717989760
3269	44.999682434952064
3270	165.117184802720890
3271	44.999682434952064
3272	149.404207169849140
3273	44.999682434952064
3274	135.186517059181990
3275	44.999682434952064
3276	122.321819049170000
3277	44.999682434952064
3278	286.189858860370920
3279	38.731585608381145
3280	258.955292959128490
3281	38.731585608381145
3282	234.312438668121530
3283	38.731585608381145
3284	212.014662018379430
3285	38.731585608381145
3286	191.838799366479090
3287	38.731585608381145
3288	173.582923897987260
3289	38.731585608381145
3290	157.064324674579610
3291	38.731585608381145
3292	142.117678003610390
3293	38.731585608381145
3294	128.593392822344920
3295	38.731585608381145
3296	116.356113537807300
3297	38.731585608381145
3298	105.283365346331190
3299	38.731585608381145
3300	246.325894293226380
3301	33.336584672736613
3302	222.884886186996850
3303	33.336584672736613
3304	201.674584937528550
3305	33.336584672736613
3306	182.482710717989760
3307	33.336584672736613
3308	165.117184802720890
3309	33.336584672736613
3310	149.404207169849140
3311	33.336584672736613
3312	135.186517059181990
3313	33.336584672736613
3314	122.321819049170000
3315	33.336584672736613
3316	110.681358917947140
3317	33.336584672736613
3318	100.148635028155270
3319	33.336584672736613
3320	90.618232338504882
3321	33.336584672736613
3322	212.014662018379430
3323	28.693064334549767
3324	191.838799366479090
3325	28.693064334549767
3326	173.582923897987260
3327	28.693064334549767
3328	157.064324674579610
3329	28.693064334549767
3330	142.117678003610390
3331	28.693064334549767
3332	128.593392822344920
3333	28.693064334549767
3334	116.356113537807300
3335	28.693064334549767
3336	105.283365346331190
3337	28.693064334549767
3338	95.264328462343045
3339	28.693064334549767
3340	86.198728996799943
3341	28.693064334549767
3342	77.995835383443975
3343	28.693064334549767
3344	182.482710717989760
3345	24.696349340859530
3346	165.117184802720890
3347	24.696349340859530
3348	149.404207169849140
3349	24.696349340859530
3350	135.186517059181990
3351	24.696349340859530
3352	122.321819049170000
3353	24.696349340859530
3354	110.681358917947140
3355	24.696349340859530
3356	100.148635028155270
3357	24.696349340859530
3358	90.618232338504882
3359	24.696349340859530
3360	81.994767376506971
3361	24.696349340859530
3362	74.191933604890409
3363	24.696349340859530
3364	67.131637642423499
3365	24.696349340859530
3366	149.404207169849140
3367	20.219660694020501
3368	135.186517059181990
3369	20.219660694020501
3370	122.321819049170000
3371	20.219660694020501
3372	110.681358917947140
3373	20.219660694020501
3374	100.148635028155270
3375	20.219660694020501
3376	90.618232338504882
3377	20.219660694020501
3378	81.994767376506971
3379	20.219660694020501
3380	74.191933604890409
3381	20.219660694020501
3382	67.131637642423499
3383	20.219660694020501
3384	60.743217672981693
3385	20.219660694020501
3386	54.962736242454540
3387	20.219660694020501
