     0.0000000000000000E+00     0.0000000000000000E+00     0.1000000000000000E+01
     0.2000000000000000E+00     0.0000000000000000E+00     0.9210609940028851E+00
     0.4000000000000000E+00     0.0000000000000000E+00     0.6967067093471654E+00
     0.6000000000000000E+00     0.0000000000000000E+00     0.3623580000000000E+00
     0.0000000000000000E+00     0.2000000000000000E+00     0.9210609940028851E+00
     0.2000000000000000E+00     0.2000000000000000E+00     0.6976175030564672E+00
     0.4000000000000000E+00     0.2000000000000000E+00     0.3628556006659387E+00
     0.6000000000000000E+00     0.2000000000000000E+00    -0.2919952230128882E-01
     0.0000000000000000E+00     0.4000000000000000E+00     0.6967067093471654E+00
     0.2000000000000000E+00     0.4000000000000000E+00     0.3625827083114390E+00
     0.4000000000000000E+00     0.4000000000000000E+00    -0.2963685502355371E-01
     0.6000000000000000E+00     0.4000000000000000E+00    -0.4161468365471424E+00
     0.0000000000000000E+00     0.6000000000000000E+00     0.3623577544766736E+00
     0.2000000000000000E+00     0.6000000000000000E+00    -0.3030200741346780E-01
     0.4000000000000000E+00     0.6000000000000000E+00    -0.4185125386969281E+00
     0.6000000000000000E+00     0.6000000000000000E+00    -0.7398274412241271E+00
     0.8000000000000000E+00     0.6000000000000000E+00    -0.9422223406686581E+00
     0.1000000000000000E+01     0.6000000000000000E+00    -0.9982947757947531E+00
     0.1200000000000000E+01     0.6000000000000000E+00    -0.8967580000000001E+00
     0.0000000000000000E+00     0.8000000000000000E+00    -0.2919952230128882E-01
     0.2000000000000000E+00     0.8000000000000000E+00    -0.4183362060131307E+00
     0.4000000000000000E+00     0.8000000000000000E+00    -0.7412114915174699E+00
     0.6000000000000000E+00     0.8000000000000000E+00    -0.9465594090378973E+00
     0.8000000000000000E+00     0.8000000000000000E+00    -0.1001796618060975E+01
     0.1000000000000000E+01     0.8000000000000000E+00    -0.8990786939775467E+00
     0.1200000000000000E+01     0.8000000000000000E+00    -0.6536436208636119E+00
     0.0000000000000000E+00     0.1000000000000000E+01    -0.4161468365471424E+00
     0.2000000000000000E+00     0.1000000000000000E+01    -0.7395523899038497E+00
     0.4000000000000000E+00     0.1000000000000000E+01    -0.9456245343877738E+00
     0.6000000000000000E+00     0.1000000000000000E+01    -0.1002064419069816E+01
     0.8000000000000000E+00     0.1000000000000000E+01    -0.9000117739961265E+00
     0.1000000000000000E+01     0.1000000000000000E+01    -0.6557098790696564E+00
     0.1200000000000000E+01     0.1000000000000000E+01    -0.3073328699784194E+00
     0.0000000000000000E+00     0.1200000000000000E+01    -0.7373940000000000E+00
     0.2000000000000000E+00     0.1200000000000000E+01    -0.9422223406686581E+00
     0.4000000000000000E+00     0.1200000000000000E+01    -0.9982947757947531E+00
     0.6000000000000000E+00     0.1200000000000000E+01    -0.8967584163341472E+00
     0.8000000000000000E+00     0.1200000000000000E+01    -0.6536436208636119E+00
     0.1000000000000000E+01     0.1200000000000000E+01    -0.3073328699784194E+00
     0.1200000000000000E+01     0.1200000000000000E+01     0.8749899999999999E-01
