     0.0000000000000000E+00     0.0000000000000000E+00     0.1000000000000000E+01
     0.1000000000000000E+00     0.0000000000000000E+00     0.9800665778412416E+00
     0.2000000000000000E+00     0.0000000000000000E+00     0.9210609940028851E+00
     0.3000000000000000E+00     0.0000000000000000E+00     0.8253356149096783E+00
     0.4000000000000000E+00     0.0000000000000000E+00     0.6967067093471654E+00
     0.5000000000000000E+00     0.0000000000000000E+00     0.5403023058681398E+00
     0.6000000000000000E+00     0.0000000000000000E+00     0.3623580000000000E+00
     0.0000000000000000E+00     0.1000000000000000E+00     0.9800665778412416E+00
     0.1000000000000000E+00     0.1000000000000000E+00     0.9212229635609067E+00
     0.2000000000000000E+00     0.1000000000000000E+00     0.8255396327189777E+00
     0.3000000000000000E+00     0.1000000000000000E+00     0.6968924844876373E+00
     0.4000000000000000E+00     0.1000000000000000E+00     0.5404400454690170E+00
     0.5000000000000000E+00     0.1000000000000000E+00     0.3624334198819361E+00
     0.6000000000000000E+00     0.1000000000000000E+00     0.1699671429002410E+00
     0.0000000000000000E+00     0.2000000000000000E+00     0.9210609940028851E+00
     0.1000000000000000E+00     0.2000000000000000E+00     0.8255358060175153E+00
     0.2000000000000000E+00     0.2000000000000000E+00     0.6969572798098008E+00
     0.3000000000000000E+00     0.2000000000000000E+00     0.5405199658565074E+00
     0.4000000000000000E+00     0.2000000000000000E+00     0.3625047610858868E+00
     0.5000000000000000E+00     0.2000000000000000E+00     0.1700363215862656E+00
     0.6000000000000000E+00     0.2000000000000000E+00    -0.2919952230128882E-01
     0.0000000000000000E+00     0.3000000000000000E+00     0.8253356149096783E+00
     0.1000000000000000E+00     0.3000000000000000E+00     0.6968771394147728E+00
     0.2000000000000000E+00     0.3000000000000000E+00     0.5404996836030562E+00
     0.3000000000000000E+00     0.3000000000000000E+00     0.3625033301731370E+00
     0.4000000000000000E+00     0.3000000000000000E+00     0.1700355611397153E+00
     0.5000000000000000E+00     0.3000000000000000E+00    -0.2919005196663046E-01
     0.6000000000000000E+00     0.3000000000000000E+00    -0.2272020946930869E+00
     0.0000000000000000E+00     0.4000000000000000E+00     0.6967067093471654E+00
     0.1000000000000000E+00     0.4000000000000000E+00     0.5404026206817442E+00
     0.2000000000000000E+00     0.4000000000000000E+00     0.3624387743224121E+00
     0.3000000000000000E+00     0.4000000000000000E+00     0.1699709454920998E+00
     0.4000000000000000E+00     0.4000000000000000E+00    -0.2927248198315671E-01
     0.5000000000000000E+00     0.4000000000000000E+00    -0.2272939394119663E+00
     0.6000000000000000E+00     0.4000000000000000E+00    -0.4161468365471424E+00
     0.0000000000000000E+00     0.5000000000000000E+00     0.5403023058681398E+00
     0.1000000000000000E+00     0.5000000000000000E+00     0.3623646783213109E+00
     0.2000000000000000E+00     0.5000000000000000E+00     0.1698940373530721E+00
     0.3000000000000000E+00     0.5000000000000000E+00    -0.2938317395009388E-01
     0.4000000000000000E+00     0.5000000000000000E+00    -0.2274672629651910E+00
     0.5000000000000000E+00     0.5000000000000000E+00    -0.4163911380226774E+00
     0.6000000000000000E+00     0.5000000000000000E+00    -0.5885011172553458E+00
     0.0000000000000000E+00     0.6000000000000000E+00     0.3623577544766736E+00
     0.1000000000000000E+00     0.6000000000000000E+00     0.1698711982626004E+00
     0.2000000000000000E+00     0.6000000000000000E+00    -0.2944223176883163E-01
     0.3000000000000000E+00     0.6000000000000000E+00    -0.2275962904127415E+00
     0.4000000000000000E+00     0.6000000000000000E+00    -0.4166487420121102E+00
     0.5000000000000000E+00     0.6000000000000000E+00    -0.5890129285491903E+00
     0.6000000000000000E+00     0.6000000000000000E+00    -0.7377556076736250E+00
     0.7000000000000000E+00     0.6000000000000000E+00    -0.8568887533689471E+00
     0.8000000000000000E+00     0.6000000000000000E+00    -0.9422223406686581E+00
     0.9000000000000000E+00     0.6000000000000000E+00    -0.9899924966004454E+00
     0.1000000000000000E+01     0.6000000000000000E+00    -0.9982947757947531E+00
     0.1100000000000000E+01     0.6000000000000000E+00    -0.9667981925794609E+00
     0.1200000000000000E+01     0.6000000000000000E+00    -0.8967580000000001E+00
     0.0000000000000000E+00     0.7000000000000000E+00     0.1699671429002410E+00
     0.1000000000000000E+00     0.7000000000000000E+00    -0.2939373885714722E-01
     0.2000000000000000E+00     0.7000000000000000E+00    -0.2276043375888298E+00
     0.3000000000000000E+00     0.7000000000000000E+00    -0.4167387883016799E+00
     0.4000000000000000E+00     0.7000000000000000E+00    -0.5892317582521964E+00
     0.5000000000000000E+00     0.7000000000000000E+00    -0.7381812552208596E+00
     0.6000000000000000E+00     0.7000000000000000E+00    -0.8576317531990408E+00
     0.7000000000000000E+00     0.7000000000000000E+00    -0.9428403372323195E+00
     0.8000000000000000E+00     0.7000000000000000E+00    -0.9905468943417116E+00
     0.9000000000000000E+00     0.7000000000000000E+00    -0.9987826396588183E+00
     0.1000000000000000E+01     0.7000000000000000E+00    -0.9671903465496533E+00
     0.1100000000000000E+01     0.7000000000000000E+00    -0.8970024920048542E+00
     0.1200000000000000E+01     0.7000000000000000E+00    -0.7909677119144168E+00
     0.0000000000000000E+00     0.8000000000000000E+00    -0.2919952230128882E-01
     0.1000000000000000E+00     0.8000000000000000E+00    -0.2274749393840562E+00
     0.2000000000000000E+00     0.8000000000000000E+00    -0.4166704462811709E+00
     0.3000000000000000E+00     0.8000000000000000E+00    -0.5892369395467265E+00
     0.4000000000000000E+00     0.8000000000000000E+00    -0.7382854645036768E+00
     0.5000000000000000E+00     0.8000000000000000E+00    -0.8578649590365081E+00
     0.6000000000000000E+00     0.8000000000000000E+00    -0.9432061423981452E+00
     0.7000000000000000E+00     0.8000000000000000E+00    -0.9909223407317227E+00
     0.8000000000000000E+00     0.8000000000000000E+00    -0.9991484040564282E+00
     0.9000000000000000E+00     0.8000000000000000E+00    -0.9675421177185231E+00
     0.1000000000000000E+01     0.8000000000000000E+00    -0.8973415448735325E+00
     0.1100000000000000E+01     0.8000000000000000E+00    -0.7913154844258617E+00
     0.1200000000000000E+01     0.8000000000000000E+00    -0.6536436208636119E+00
     0.0000000000000000E+00     0.9000000000000000E+00    -0.2272020946930871E+00
     0.1000000000000000E+00     0.9000000000000000E+00    -0.4164626109680806E+00
     0.2000000000000000E+00     0.9000000000000000E+00    -0.5890790577786398E+00
     0.3000000000000000E+00     0.9000000000000000E+00    -0.7381803279428644E+00
     0.4000000000000000E+00     0.9000000000000000E+00    -0.8578256214256011E+00
     0.5000000000000000E+00     0.9000000000000000E+00    -0.9432456358105102E+00
     0.6000000000000000E+00     0.9000000000000000E+00    -0.9910375673891113E+00
     0.7000000000000000E+00     0.9000000000000000E+00    -0.9993043779532748E+00
     0.8000000000000000E+00     0.9000000000000000E+00    -0.9677272176527921E+00
     0.9000000000000000E+00     0.9000000000000000E+00    -0.8975594661303474E+00
     0.1000000000000000E+01     0.9000000000000000E+00    -0.7915833887787540E+00
     0.1100000000000000E+01     0.9000000000000000E+00    -0.6540003407334107E+00
     0.1200000000000000E+01     0.9000000000000000E+00    -0.4902608213406994E+00
     0.0000000000000000E+00     0.1000000000000000E+01    -0.4161468365471424E+00
     0.1000000000000000E+00     0.1000000000000000E+01    -0.5888057628369774E+00
     0.2000000000000000E+00     0.1000000000000000E+01    -0.7379285359472487E+00
     0.3000000000000000E+00     0.1000000000000000E+01    -0.8575960619012067E+00
     0.4000000000000000E+00     0.1000000000000000E+01    -0.9430493258564039E+00
     0.5000000000000000E+00     0.1000000000000000E+01    -0.9908868410887469E+00
     0.6000000000000000E+00     0.1000000000000000E+01    -0.9992051643743662E+00
     0.7000000000000000E+00     0.1000000000000000E+01    -0.9676768999974785E+00
     0.8000000000000000E+00     0.1000000000000000E+01    -0.8975620573154948E+00
     0.9000000000000000E+00     0.1000000000000000E+01    -0.7916524775625511E+00
     0.1000000000000000E+01     0.1000000000000000E+01    -0.6541609431932160E+00
     0.1100000000000000E+01     0.1000000000000000E+01    -0.4905537459179373E+00
     0.1200000000000000E+01     0.1000000000000000E+01    -0.3073328699784194E+00
     0.0000000000000000E+00     0.1100000000000000E+01    -0.5885011172553458E+00
     0.1000000000000000E+00     0.1100000000000000E+01    -0.7376080249608266E+00
     0.2000000000000000E+00     0.1100000000000000E+01    -0.8572471122329316E+00
     0.3000000000000000E+00     0.1100000000000000E+01    -0.9426820306741169E+00
     0.4000000000000000E+00     0.1100000000000000E+01    -0.9905192616084461E+00
     0.5000000000000000E+00     0.1100000000000000E+01    -0.9988567820305551E+00
     0.6000000000000000E+00     0.1100000000000000E+01    -0.9673648708443443E+00
     0.7000000000000000E+00     0.1100000000000000E+01    -0.8973009320146013E+00
     0.8000000000000000E+00     0.1100000000000000E+01    -0.7914589971522390E+00
     0.9000000000000000E+00     0.1100000000000000E+01    -0.6540568743144745E+00
     0.1000000000000000E+01     0.1100000000000000E+01    -0.4905678440678285E+00
     0.1100000000000000E+01     0.1100000000000000E+01    -0.3075028933052200E+00
     0.1200000000000000E+01     0.1100000000000000E+01    -0.1121525269350549E+00
     0.0000000000000000E+00     0.1200000000000000E+01    -0.7373940000000000E+00
     0.1000000000000000E+00     0.1200000000000000E+01    -0.8568887533689473E+00
     0.2000000000000000E+00     0.1200000000000000E+01    -0.9422223406686581E+00
     0.3000000000000000E+00     0.1200000000000000E+01    -0.9899924966004454E+00
     0.4000000000000000E+00     0.1200000000000000E+01    -0.9982947757947531E+00
     0.5000000000000000E+00     0.1200000000000000E+01    -0.9667981925794611E+00
     0.6000000000000000E+00     0.1200000000000000E+01    -0.8967584163341472E+00
     0.7000000000000000E+00     0.1200000000000000E+01    -0.7909677119144168E+00
     0.8000000000000000E+00     0.1200000000000000E+01    -0.6536436208636119E+00
     0.9000000000000000E+00     0.1200000000000000E+01    -0.4902608213406994E+00
     0.1000000000000000E+01     0.1200000000000000E+01    -0.3073328699784194E+00
     0.1100000000000000E+01     0.1200000000000000E+01    -0.1121525269350549E+00
     0.1200000000000000E+01     0.1200000000000000E+01     0.8749899999999999E-01
