     0.0000000000000000E+00     0.0000000000000000E+00     0.1000000000000000E+01
     0.5000000000000000E-01     0.0000000000000000E+00     0.9950041652780258E+00
     0.1000000000000000E+00     0.0000000000000000E+00     0.9800665778412416E+00
     0.1500000000000000E+00     0.0000000000000000E+00     0.9553364891256060E+00
     0.2000000000000000E+00     0.0000000000000000E+00     0.9210609940028851E+00
     0.2500000000000000E+00     0.0000000000000000E+00     0.8775825618903728E+00
     0.3000000000000000E+00     0.0000000000000000E+00     0.8253356149096783E+00
     0.3500000000000000E+00     0.0000000000000000E+00     0.7648421872844885E+00
     0.4000000000000000E+00     0.0000000000000000E+00     0.6967067093471654E+00
     0.4500000000000000E+00     0.0000000000000000E+00     0.6216099682706644E+00
     0.5000000000000000E+00     0.0000000000000000E+00     0.5403023058681398E+00
     0.5500000000000000E+00     0.0000000000000000E+00     0.4535961214255773E+00
     0.6000000000000000E+00     0.0000000000000000E+00     0.3623580000000000E+00
     0.0000000000000000E+00     0.5000000000000000E-01     0.9950041652780258E+00
     0.5000000000000000E-01     0.5000000000000000E-01     0.9800838694124543E+00
     0.1000000000000000E+00     0.5000000000000000E-01     0.9553629592749824E+00
     0.1500000000000000E+00     0.5000000000000000E-01     0.9210919431262525E+00
     0.2000000000000000E+00     0.5000000000000000E-01     0.8776149523658303E+00
     0.2500000000000000E+00     0.5000000000000000E-01     0.8253673636261861E+00
     0.3000000000000000E+00     0.5000000000000000E-01     0.7648718303582883E+00
     0.3500000000000000E+00     0.5000000000000000E-01     0.6967332134314832E+00
     0.4000000000000000E+00     0.5000000000000000E-01     0.6216325992275490E+00
     0.4500000000000000E+00     0.5000000000000000E-01     0.5403205072580228E+00
     0.5000000000000000E+00     0.5000000000000000E-01     0.4536093569303219E+00
     0.5500000000000000E+00     0.5000000000000000E-01     0.3623652266418468E+00
     0.6000000000000000E+00     0.5000000000000000E-01     0.2674988286245873E+00
     0.0000000000000000E+00     0.1000000000000000E+00     0.9800665778412416E+00
     0.5000000000000000E-01     0.1000000000000000E+00     0.9553628994908865E+00
     0.1000000000000000E+00     0.1000000000000000E+00     0.9211027831128424E+00
     0.1500000000000000E+00     0.1000000000000000E+00     0.8776322292313419E+00
     0.2000000000000000E+00     0.1000000000000000E+00     0.8253879384463787E+00
     0.2500000000000000E+00     0.1000000000000000E+00     0.7648934769638513E+00
     0.3000000000000000E+00     0.1000000000000000E+00     0.6967543598278005E+00
     0.3500000000000000E+00     0.1000000000000000E+00     0.6216521689288742E+00
     0.4000000000000000E+00     0.1000000000000000E+00     0.5403378240855037E+00
     0.4500000000000000E+00     0.1000000000000000E+00     0.4536241039896680E+00
     0.5000000000000000E+00     0.1000000000000000E+00     0.3623774986135282E+00
     0.5500000000000000E+00     0.1000000000000000E+00     0.2675094631777805E+00
     0.6000000000000000E+00     0.1000000000000000E+00     0.1699671429002410E+00
     0.0000000000000000E+00     0.1500000000000000E+00     0.9553364891256060E+00
     0.5000000000000000E-01     0.1500000000000000E+00     0.9210917038404087E+00
     0.1000000000000000E+00     0.1500000000000000E+00     0.8776319290468763E+00
     0.1500000000000000E+00     0.1500000000000000E+00     0.8253947251704388E+00
     0.2000000000000000E+00     0.1500000000000000E+00     0.7649045137351397E+00
     0.2500000000000000E+00     0.1500000000000000E+00     0.6967675304335482E+00
     0.3000000000000000E+00     0.1500000000000000E+00     0.6216659479994462E+00
     0.3500000000000000E+00     0.1500000000000000E+00     0.5403511845069413E+00
     0.4000000000000000E+00     0.1500000000000000E+00     0.4536364668741042E+00
     0.4500000000000000E+00     0.1500000000000000E+00     0.3623887335295154E+00
     0.5000000000000000E+00     0.1500000000000000E+00     0.2675199646271512E+00
     0.5500000000000000E+00     0.1500000000000000E+00     0.1699780345693974E+00
     0.6000000000000000E+00     0.1500000000000000E+00     0.7073720166770291E-01
     0.0000000000000000E+00     0.2000000000000000E+00     0.9210609940028851E+00
     0.5000000000000000E-01     0.2000000000000000E+00     0.8776143545928023E+00
     0.1000000000000000E+00     0.2000000000000000E+00     0.8253869762438983E+00
     0.1500000000000000E+00     0.2000000000000000E+00     0.7649036641458563E+00
     0.2000000000000000E+00     0.2000000000000000E+00     0.6967711729606293E+00
     0.2500000000000000E+00     0.2000000000000000E+00     0.6216722009015289E+00
     0.3000000000000000E+00     0.2000000000000000E+00     0.5403586578134032E+00
     0.3500000000000000E+00     0.2000000000000000E+00     0.4536442303045745E+00
     0.4000000000000000E+00     0.2000000000000000E+00     0.3623963038095664E+00
     0.4500000000000000E+00     0.2000000000000000E+00     0.2675273209852371E+00
     0.5000000000000000E+00     0.2000000000000000E+00     0.1699856680636781E+00
     0.5500000000000000E+00     0.2000000000000000E+00     0.7074619317612336E-01
     0.6000000000000000E+00     0.2000000000000000E+00    -0.2919952230128882E-01
     0.0000000000000000E+00     0.2500000000000000E+00     0.8775825618903728E+00
     0.5000000000000000E-01     0.2500000000000000E+00     0.8253661725279660E+00
     0.1000000000000000E+00     0.2500000000000000E+00     0.7648913732952006E+00
     0.1500000000000000E+00     0.2500000000000000E+00     0.6967650921549221E+00
     0.2000000000000000E+00     0.2500000000000000E+00     0.6216703400320824E+00
     0.2500000000000000E+00     0.2500000000000000E+00     0.5403593986146986E+00
     0.3000000000000000E+00     0.2500000000000000E+00     0.4536463468105636E+00
     0.3500000000000000E+00     0.2500000000000000E+00     0.3623989729320729E+00
     0.4000000000000000E+00     0.2500000000000000E+00     0.2675301383581487E+00
     0.4500000000000000E+00     0.2500000000000000E+00     0.1699886731965982E+00
     0.5000000000000000E+00     0.2500000000000000E+00     0.7074989692110444E-01
     0.5500000000000000E+00     0.2500000000000000E+00    -0.2919412918187592E-01
     0.6000000000000000E+00     0.2500000000000000E+00    -0.1288444942955246E+00
     0.0000000000000000E+00     0.3000000000000000E+00     0.8253356149096783E+00
     0.5000000000000000E-01     0.3000000000000000E+00     0.7648697644293405E+00
     0.1000000000000000E+00     0.3000000000000000E+00     0.6967505314733531E+00
     0.1500000000000000E+00     0.3000000000000000E+00     0.6216610029166252E+00
     0.2000000000000000E+00     0.3000000000000000E+00     0.5403536479620700E+00
     0.2500000000000000E+00     0.3000000000000000E+00     0.4536428033291229E+00
     0.3000000000000000E+00     0.3000000000000000E+00     0.3623965610170306E+00
     0.3500000000000000E+00     0.3000000000000000E+00     0.2675281242116098E+00
     0.4000000000000000E+00     0.3000000000000000E+00     0.1699867051961997E+00
     0.4500000000000000E+00     0.3000000000000000E+00     0.7074804748963869E-01
     0.5000000000000000E+00     0.3000000000000000E+00    -0.2919533668920329E-01
     0.5500000000000000E+00     0.3000000000000000E+00    -0.1288441086003824E+00
     0.6000000000000000E+00     0.3000000000000000E+00    -0.2272020946930869E+00
     0.0000000000000000E+00     0.3500000000000000E+00     0.7648421872844885E+00
     0.5000000000000000E-01     0.3500000000000000E+00     0.6967299640035376E+00
     0.1000000000000000E+00     0.3500000000000000E+00     0.6216459606206178E+00
     0.1500000000000000E+00     0.3500000000000000E+00     0.5403426682973573E+00
     0.2000000000000000E+00     0.3500000000000000E+00     0.4536345278083214E+00
     0.2500000000000000E+00     0.3500000000000000E+00     0.3623897999989398E+00
     0.3000000000000000E+00     0.3500000000000000E+00     0.2675219116436433E+00
     0.3500000000000000E+00     0.3500000000000000E+00     0.1699803543676117E+00
     0.4000000000000000E+00     0.3500000000000000E+00     0.7074121677313658E-01
     0.4500000000000000E+00     0.3500000000000000E+00    -0.2920256866383905E-01
     0.5000000000000000E+00     0.3500000000000000E+00    -0.1288511816571181E+00
     0.5500000000000000E+00     0.3500000000000000E+00    -0.2272079829872148E+00
     0.6000000000000000E+00     0.3500000000000000E+00    -0.3232895668635034E+00
     0.0000000000000000E+00     0.4000000000000000E+00     0.6967067093471654E+00
     0.5000000000000000E-01     0.4000000000000000E+00     0.6216278676294011E+00
     0.1000000000000000E+00     0.4000000000000000E+00     0.5403285693236846E+00
     0.1500000000000000E+00     0.4000000000000000E+00     0.4536232366325749E+00
     0.2000000000000000E+00     0.4000000000000000E+00     0.3623801685623636E+00
     0.2500000000000000E+00     0.4000000000000000E+00     0.2675128822389437E+00
     0.3000000000000000E+00     0.4000000000000000E+00     0.1699710123260468E+00
     0.3500000000000000E+00     0.4000000000000000E+00     0.7073085501272035E-01
     0.4000000000000000E+00     0.4000000000000000E+00    -0.2921435780301644E-01
     0.4500000000000000E+00     0.4000000000000000E+00    -0.1288643744308941E+00
     0.5000000000000000E+00     0.4000000000000000E+00    -0.2272219651207090E+00
     0.5500000000000000E+00     0.4000000000000000E+00    -0.3233030476547288E+00
     0.6000000000000000E+00     0.4000000000000000E+00    -0.4161468365471424E+00
     0.0000000000000000E+00     0.4500000000000000E+00     0.6216099682706644E+00
     0.5000000000000000E-01     0.4500000000000000E+00     0.5403140732262005E+00
     0.1000000000000000E+00     0.4500000000000000E+00     0.4536112319534203E+00
     0.1500000000000000E+00     0.4500000000000000E+00     0.3623696857064003E+00
     0.2000000000000000E+00     0.4500000000000000E+00     0.2675029285152953E+00
     0.2500000000000000E+00     0.4500000000000000E+00     0.1699606066299689E+00
     0.3000000000000000E+00     0.4500000000000000E+00     0.7071906722443984E-01
     0.3500000000000000E+00     0.4500000000000000E+00    -0.2922834873975221E-01
     0.4000000000000000E+00     0.4500000000000000E+00    -0.1288811752097569E+00
     0.4500000000000000E+00     0.4500000000000000E+00    -0.2272417659504396E+00
     0.5000000000000000E+00     0.4500000000000000E+00    -0.3233252645223023E+00
     0.5500000000000000E+00     0.4500000000000000E+00    -0.4161696483285573E+00
     0.6000000000000000E+00     0.4500000000000000E+00    -0.5048461045998576E+00
     0.0000000000000000E+00     0.5000000000000000E+00     0.5403023058681398E+00
     0.5000000000000000E-01     0.5000000000000000E+00     0.4536012083523486E+00
     0.1000000000000000E+00     0.5000000000000000E+00     0.3623607149052038E+00
     0.1500000000000000E+00     0.5000000000000000E+00     0.2674942204628514E+00
     0.2000000000000000E+00     0.5000000000000000E+00     0.1699512868396838E+00
     0.2500000000000000E+00     0.5000000000000000E+00     0.7070818934251606E-01
     0.3000000000000000E+00     0.5000000000000000E+00    -0.2924179068796636E-01
     0.3500000000000000E+00     0.5000000000000000E+00    -0.1288982236064825E+00
     0.4000000000000000E+00     0.5000000000000000E+00    -0.2272634301621946E+00
     0.4500000000000000E+00     0.5000000000000000E+00    -0.3233523069230868E+00
     0.5000000000000000E+00     0.5000000000000000E+00    -0.4162019765963804E+00
     0.5500000000000000E+00     0.5000000000000000E+00    -0.5048812968358508E+00
     0.6000000000000000E+00     0.5000000000000000E+00    -0.5885011172553458E+00
     0.0000000000000000E+00     0.5500000000000000E+00     0.4535961214255773E+00
     0.5000000000000000E-01     0.5500000000000000E+00     0.3623558296986555E+00
     0.1000000000000000E+00     0.5500000000000000E+00     0.2674890511637327E+00
     0.1500000000000000E+00     0.5500000000000000E+00     0.1699452063072214E+00
     0.2000000000000000E+00     0.5500000000000000E+00     0.7070042653991591E-01
     0.2500000000000000E+00     0.5500000000000000E+00    -0.2925216197578921E-01
     0.3000000000000000E+00     0.5500000000000000E+00    -0.1289123109372798E+00
     0.3500000000000000E+00     0.5500000000000000E+00    -0.2272825692733842E+00
     0.4000000000000000E+00     0.5500000000000000E+00    -0.3233781263542631E+00
     0.4500000000000000E+00     0.5500000000000000E+00    -0.4162364204962118E+00
     0.5000000000000000E+00     0.5500000000000000E+00    -0.5049262392234624E+00
     0.5500000000000000E+00     0.5500000000000000E+00    -0.5885556110517128E+00
     0.6000000000000000E+00     0.5500000000000000E+00    -0.6662760212798241E+00
     0.0000000000000000E+00     0.6000000000000000E+00     0.3623577544766736E+00
     0.5000000000000000E-01     0.6000000000000000E+00     0.2674897779514857E+00
     0.1000000000000000E+00     0.6000000000000000E+00     0.1699444527277061E+00
     0.1500000000000000E+00     0.6000000000000000E+00     0.7069772936289861E-01
     0.2000000000000000E+00     0.6000000000000000E+00    -0.2925746098262550E-01
     0.2500000000000000E+00     0.6000000000000000E+00    -0.1289210940014692E+00
     0.3000000000000000E+00     0.6000000000000000E+00    -0.2272960014676734E+00
     0.3500000000000000E+00     0.6000000000000000E+00    -0.3233977754881003E+00
     0.4000000000000000E+00     0.6000000000000000E+00    -0.4162645155467182E+00
     0.4500000000000000E+00     0.6000000000000000E+00    -0.5049662967129648E+00
     0.5000000000000000E+00     0.6000000000000000E+00    -0.5886142269941064E+00
     0.5500000000000000E+00     0.6000000000000000E+00    -0.6663690007570984E+00
     0.6000000000000000E+00     0.6000000000000000E+00    -0.7374493100546963E+00
     0.6500000000000000E+00     0.6000000000000000E+00    -0.8011436155469337E+00
     0.7000000000000000E+00     0.6000000000000000E+00    -0.8568887533689471E+00
     0.7500000000000000E+00     0.6000000000000000E+00    -0.9040721420170612E+00
     0.8000000000000000E+00     0.6000000000000000E+00    -0.9422223406686581E+00
     0.8500000000000000E+00     0.6000000000000000E+00    -0.9709581651495905E+00
     0.9000000000000000E+00     0.6000000000000000E+00    -0.9899924966004454E+00
     0.9500000000000000E+00     0.6000000000000000E+00    -0.9991351502732795E+00
     0.1000000000000000E+01     0.6000000000000000E+00    -0.9982947757947531E+00
     0.1050000000000000E+01     0.6000000000000000E+00    -0.9874797699088649E+00
     0.1100000000000000E+01     0.6000000000000000E+00    -0.9667981925794609E+00
     0.1150000000000000E+01     0.6000000000000000E+00    -0.9364566872907963E+00
     0.1200000000000000E+01     0.6000000000000000E+00    -0.8967580000000001E+00
     0.0000000000000000E+00     0.6500000000000000E+00     0.2674988286245873E+00
     0.5000000000000000E-01     0.6500000000000000E+00     0.1699510757037327E+00
     0.1000000000000000E+00     0.6500000000000000E+00     0.7070185284927125E-01
     0.1500000000000000E+00     0.6500000000000000E+00    -0.2925612331482392E-01
     0.2000000000000000E+00     0.6500000000000000E+00    -0.1289230602325250E+00
     0.2500000000000000E+00     0.6500000000000000E+00    -0.2273020531931435E+00
     0.3000000000000000E+00     0.6500000000000000E+00    -0.3234090183169192E+00
     0.3500000000000000E+00     0.6500000000000000E+00    -0.4162824948489174E+00
     0.4000000000000000E+00     0.6500000000000000E+00    -0.5049932210981014E+00
     0.4500000000000000E+00     0.6500000000000000E+00    -0.5886534022031089E+00
     0.5000000000000000E+00     0.6500000000000000E+00    -0.6664256317121408E+00
     0.5500000000000000E+00     0.6500000000000000E+00    -0.7375315669509753E+00
     0.6000000000000000E+00     0.6500000000000000E+00    -0.8012608673103881E+00
     0.6500000000000000E+00     0.6500000000000000E+00    -0.8569818874655460E+00
     0.7000000000000000E+00     0.6500000000000000E+00    -0.9041561859156935E+00
     0.7500000000000000E+00     0.6500000000000000E+00    -0.9423018132140829E+00
     0.8000000000000000E+00     0.6500000000000000E+00    -0.9710342220670969E+00
     0.8500000000000000E+00     0.6500000000000000E+00    -0.9900650332104519E+00
     0.9000000000000000E+00     0.6500000000000000E+00    -0.9992034738612179E+00
     0.9500000000000000E+00     0.6500000000000000E+00    -0.9983578190076465E+00
     0.1000000000000000E+01     0.6500000000000000E+00    -0.9875361188445269E+00
     0.1050000000000000E+01     0.6500000000000000E+00    -0.9668459915556185E+00
     0.1100000000000000E+01     0.6500000000000000E+00    -0.9364933790664340E+00
     0.1150000000000000E+01     0.6500000000000000E+00    -0.8967801314515066E+00
     0.1200000000000000E+01     0.6500000000000000E+00    -0.8481000317104080E+00
     0.0000000000000000E+00     0.7000000000000000E+00     0.1699671429002410E+00
     0.5000000000000000E-01     0.7000000000000000E+00     0.7071446036359078E-01
     0.1000000000000000E+00     0.7000000000000000E+00    -0.2924682612492986E-01
     0.1500000000000000E+00     0.7000000000000000E+00    -0.1289171662954484E+00
     0.2000000000000000E+00     0.7000000000000000E+00    -0.2272999099684390E+00
     0.2500000000000000E+00     0.7000000000000000E+00    -0.3234112482240489E+00
     0.3000000000000000E+00     0.7000000000000000E+00    -0.4162900310493057E+00
     0.3500000000000000E+00     0.7000000000000000E+00    -0.5050073669073606E+00
     0.4000000000000000E+00     0.7000000000000000E+00    -0.5886759174929097E+00
     0.4500000000000000E+00     0.7000000000000000E+00    -0.6664588176564912E+00
     0.5000000000000000E+00     0.7000000000000000E+00    -0.7375781843008568E+00
     0.5500000000000000E+00     0.7000000000000000E+00    -0.8013232383419738E+00
     0.6000000000000000E+00     0.7000000000000000E+00    -0.8570581255888055E+00
     0.6500000000000000E+00     0.7000000000000000E+00    -0.9042293388570315E+00
     0.7000000000000000E+00     0.7000000000000000E+00    -0.9423710568836037E+00
     0.7500000000000000E+00     0.7000000000000000E+00    -0.9711004547244703E+00
     0.8000000000000000E+00     0.7000000000000000E+00    -0.9901287280144969E+00
     0.8500000000000000E+00     0.7000000000000000E+00    -0.9992646031734195E+00
     0.9000000000000000E+00     0.7000000000000000E+00    -0.9984160144298324E+00
     0.9500000000000000E+00     0.7000000000000000E+00    -0.9875907951437003E+00
     0.1000000000000000E+01     0.7000000000000000E+00    -0.9668964344942517E+00
     0.1050000000000000E+01     0.7000000000000000E+00    -0.9365388540485003E+00
     0.1100000000000000E+01     0.7000000000000000E+00    -0.8968201586627733E+00
     0.1150000000000000E+01     0.7000000000000000E+00    -0.8481353136994983E+00
     0.1200000000000000E+01     0.7000000000000000E+00    -0.7909677119144168E+00
     0.0000000000000000E+00     0.7500000000000000E+00     0.7073720166770291E-01
     0.5000000000000000E-01     0.7500000000000000E+00    -0.2922835191129534E-01
     0.1000000000000000E+00     0.7500000000000000E+00    -0.1289025792306666E+00
     0.1500000000000000E+00     0.7500000000000000E+00    -0.2272890975676905E+00
     0.2000000000000000E+00     0.7500000000000000E+00    -0.3234043677660605E+00
     0.2500000000000000E+00     0.7500000000000000E+00    -0.4162875115514392E+00
     0.3000000000000000E+00     0.7500000000000000E+00    -0.5050099120042069E+00
     0.3500000000000000E+00     0.7500000000000000E+00    -0.5886845053020818E+00
     0.4000000000000000E+00     0.7500000000000000E+00    -0.6664746789651732E+00
     0.4500000000000000E+00     0.7500000000000000E+00    -0.7376027031944349E+00
     0.5000000000000000E+00     0.7500000000000000E+00    -0.8013576363538963E+00
     0.5500000000000000E+00     0.7500000000000000E+00    -0.8571026532733077E+00
     0.6000000000000000E+00     0.7500000000000000E+00    -0.9042817062089993E+00
     0.6500000000000000E+00     0.7500000000000000E+00    -0.9424252356419301E+00
     0.7000000000000000E+00     0.7500000000000000E+00    -0.9711541730143848E+00
     0.7500000000000000E+00     0.7500000000000000E+00    -0.9901814132066437E+00
     0.8000000000000000E+00     0.7500000000000000E+00    -0.9993161227395279E+00
     0.8500000000000000E+00     0.7500000000000000E+00    -0.9984662576656821E+00
     0.9000000000000000E+00     0.7500000000000000E+00    -0.9876395931216853E+00
     0.9500000000000000E+00     0.7500000000000000E+00    -0.9669435948079805E+00
     0.1000000000000000E+01     0.7500000000000000E+00    -0.9365842516934779E+00
     0.1050000000000000E+01     0.7500000000000000E+00    -0.8968639031524365E+00
     0.1100000000000000E+01     0.7500000000000000E+00    -0.8481780738657996E+00
     0.1150000000000000E+01     0.7500000000000000E+00    -0.7910113403400608E+00
     0.1200000000000000E+01     0.7500000000000000E+00    -0.7259323042001402E+00
     0.0000000000000000E+00     0.8000000000000000E+00    -0.2919952230128882E-01
     0.5000000000000000E-01     0.8000000000000000E+00    -0.1288785720738077E+00
     0.1000000000000000E+00     0.8000000000000000E+00    -0.2272692966451778E+00
     0.1500000000000000E+00     0.8000000000000000E+00    -0.3233884525919117E+00
     0.2000000000000000E+00     0.8000000000000000E+00    -0.4162754476416595E+00
     0.2500000000000000E+00     0.8000000000000000E+00    -0.5050019331680086E+00
     0.3000000000000000E+00     0.8000000000000000E+00    -0.5886810875405147E+00
     0.3500000000000000E+00     0.8000000000000000E+00    -0.6664764994565969E+00
     0.4000000000000000E+00     0.8000000000000000E+00    -0.7376105660898834E+00
     0.4500000000000000E+00     0.8000000000000000E+00    -0.8013723279604871E+00
     0.5000000000000000E+00     0.8000000000000000E+00    -0.8571246673880648E+00
     0.5500000000000000E+00     0.8000000000000000E+00    -0.9043107918707433E+00
     0.6000000000000000E+00     0.8000000000000000E+00    -0.9424598914020934E+00
     0.6500000000000000E+00     0.8000000000000000E+00    -0.9711917849113652E+00
     0.7000000000000000E+00     0.8000000000000000E+00    -0.9902203130420323E+00
     0.7500000000000000E+00     0.8000000000000000E+00    -0.9993555247076984E+00
     0.8000000000000000E+00     0.8000000000000000E+00    -0.9985058414969892E+00
     0.8500000000000000E+00     0.8000000000000000E+00    -0.9876792448168781E+00
     0.9000000000000000E+00     0.8000000000000000E+00    -0.9669833097431011E+00
     0.9500000000000000E+00     0.8000000000000000E+00    -0.9366241389270415E+00
     0.1000000000000000E+01     0.8000000000000000E+00    -0.8969042594844333E+00
     0.1050000000000000E+01     0.8000000000000000E+00    -0.8482195283923301E+00
     0.1100000000000000E+01     0.8000000000000000E+00    -0.7910550877791083E+00
     0.1150000000000000E+01     0.8000000000000000E+00    -0.7259804244275804E+00
     0.1200000000000000E+01     0.8000000000000000E+00    -0.6536436208636119E+00
     0.0000000000000000E+00     0.8500000000000000E+00    -0.1288444942955246E+00
     0.5000000000000000E-01     0.8500000000000000E+00    -0.2272403127460041E+00
     0.1000000000000000E+00     0.8500000000000000E+00    -0.3233637087953435E+00
     0.1500000000000000E+00     0.8500000000000000E+00    -0.4162544243901702E+00
     0.2000000000000000E+00     0.8500000000000000E+00    -0.5049844218374505E+00
     0.2500000000000000E+00     0.8500000000000000E+00    -0.5886671534178439E+00
     0.3000000000000000E+00     0.8500000000000000E+00    -0.6664664331138529E+00
     0.3500000000000000E+00     0.8500000000000000E+00    -0.7376048196637538E+00
     0.4000000000000000E+00     0.8500000000000000E+00    -0.8013714257928231E+00
     0.4500000000000000E+00     0.8500000000000000E+00    -0.8571290746396601E+00
     0.5000000000000000E+00     0.8500000000000000E+00    -0.9043207280848020E+00
     0.5500000000000000E+00     0.8500000000000000E+00    -0.9424751092038011E+00
     0.6000000000000000E+00     0.8500000000000000E+00    -0.9712114296807270E+00
     0.6500000000000000E+00     0.8500000000000000E+00    -0.9902431203058180E+00
     0.7000000000000000E+00     0.8500000000000000E+00    -0.9993804891437765E+00
     0.7500000000000000E+00     0.8500000000000000E+00    -0.9985323790157493E+00
     0.8000000000000000E+00     0.8500000000000000E+00    -0.9877071058722138E+00
     0.8500000000000000E+00     0.8500000000000000E+00    -0.9670124736508333E+00
     0.9000000000000000E+00     0.8500000000000000E+00    -0.9366547610481200E+00
     0.9500000000000000E+00     0.8500000000000000E+00    -0.8969366765559268E+00
     0.1000000000000000E+01     0.8500000000000000E+00    -0.8482543152060773E+00
     0.1050000000000000E+01     0.8500000000000000E+00    -0.7910931612608392E+00
     0.1100000000000000E+01     0.8500000000000000E+00    -0.7260231886320967E+00
     0.1150000000000000E+01     0.8500000000000000E+00    -0.6536931229441065E+00
     0.1200000000000000E+01     0.8500000000000000E+00    -0.5748239465332692E+00
     0.0000000000000000E+00     0.9000000000000000E+00    -0.2272020946930871E+00
     0.5000000000000000E-01     0.9000000000000000E+00    -0.3233305294706112E+00
     0.1000000000000000E+00     0.9000000000000000E+00    -0.4162251954175819E+00
     0.1500000000000000E+00     0.9000000000000000E+00    -0.5049584465746403E+00
     0.2000000000000000E+00     0.9000000000000000E+00    -0.5886440856012258E+00
     0.2500000000000000E+00     0.9000000000000000E+00    -0.6664462182973636E+00
     0.3000000000000000E+00     0.9000000000000000E+00    -0.7375876274372882E+00
     0.3500000000000000E+00     0.9000000000000000E+00    -0.8013575737412244E+00
     0.4000000000000000E+00     0.9000000000000000E+00    -0.8571189399926717E+00
     0.4500000000000000E+00     0.9000000000000000E+00    -0.9043146424563270E+00
     0.5000000000000000E+00     0.9000000000000000E+00    -0.9424732397325111E+00
     0.5500000000000000E+00     0.9000000000000000E+00    -0.9712136722868968E+00
     0.6000000000000000E+00     0.9000000000000000E+00    -0.9902490676695329E+00
     0.6500000000000000E+00     0.9000000000000000E+00    -0.9993895541146585E+00
     0.7000000000000000E+00     0.9000000000000000E+00    -0.9985440545532182E+00
     0.7500000000000000E+00     0.9000000000000000E+00    -0.9877210948314670E+00
     0.8000000000000000E+00     0.9000000000000000E+00    -0.9670287022670148E+00
     0.8500000000000000E+00     0.9000000000000000E+00    -0.9366733547172116E+00
     0.9000000000000000E+00     0.9000000000000000E+00    -0.8969579456811964E+00
     0.9500000000000000E+00     0.9000000000000000E+00    -0.8482787683663404E+00
     0.1000000000000000E+01     0.9000000000000000E+00    -0.7911215485976407E+00
     0.1050000000000000E+01     0.9000000000000000E+00    -0.7260565721979306E+00
     0.1100000000000000E+01     0.9000000000000000E+00    -0.6537329636714101E+00
     0.1150000000000000E+01     0.9000000000000000E+00    -0.5748721835214089E+00
     0.1200000000000000E+01     0.9000000000000000E+00    -0.4902608213406994E+00
     0.0000000000000000E+00     0.9500000000000000E+00    -0.3232895668635034E+00
     0.5000000000000000E-01     0.9500000000000000E+00    -0.4161888260950195E+00
     0.1000000000000000E+00     0.9500000000000000E+00    -0.5049253559959656E+00
     0.1500000000000000E+00     0.9500000000000000E+00    -0.5886134396525232E+00
     0.2000000000000000E+00     0.9500000000000000E+00    -0.6664175907712070E+00
     0.2500000000000000E+00     0.9500000000000000E+00    -0.7375609118000438E+00
     0.3000000000000000E+00     0.9500000000000000E+00    -0.8013328950656275E+00
     0.3500000000000000E+00     0.9500000000000000E+00    -0.8570965704557316E+00
     0.4000000000000000E+00     0.9500000000000000E+00    -0.9042949183794928E+00
     0.4500000000000000E+00     0.9500000000000000E+00    -0.9424564788712222E+00
     0.5000000000000000E+00     0.9500000000000000E+00    -0.9712000965363053E+00
     0.5500000000000000E+00     0.9500000000000000E+00    -0.9902387480065939E+00
     0.6000000000000000E+00     0.9500000000000000E+00    -0.9993824060915137E+00
     0.6500000000000000E+00     0.9500000000000000E+00    -0.9985399069342034E+00
     0.7000000000000000E+00     0.9500000000000000E+00    -0.9877198078039727E+00
     0.7500000000000000E+00     0.9500000000000000E+00    -0.9670302514040154E+00
     0.8000000000000000E+00     0.9500000000000000E+00    -0.9366778660697979E+00
     0.8500000000000000E+00     0.9500000000000000E+00    -0.8969657051925529E+00
     0.9000000000000000E+00     0.9500000000000000E+00    -0.8482902290897990E+00
     0.9500000000000000E+00     0.9500000000000000E+00    -0.7911373488380301E+00
     0.1000000000000000E+01     0.9500000000000000E+00    -0.7260775689736351E+00
     0.1050000000000000E+01     0.9500000000000000E+00    -0.6537602798478251E+00
     0.1100000000000000E+01     0.9500000000000000E+00    -0.5749072612739523E+00
     0.1150000000000000E+01     0.9500000000000000E+00    -0.4903054677912242E+00
     0.1200000000000000E+01     0.9500000000000000E+00    -0.4007991720799755E+00
     0.0000000000000000E+00     0.1000000000000000E+01    -0.4161468365471424E+00
     0.5000000000000000E-01     0.1000000000000000E+01    -0.5048870202929254E+00
     0.1000000000000000E+00     0.1000000000000000E+01    -0.5885772388552308E+00
     0.1500000000000000E+00     0.1000000000000000E+01    -0.6663826237291673E+00
     0.2000000000000000E+00     0.1000000000000000E+01    -0.7375267595291672E+00
     0.2500000000000000E+00     0.1000000000000000E+01    -0.8012994867457992E+00
     0.3000000000000000E+00     0.1000000000000000E+01    -0.8570640714573053E+00
     0.3500000000000000E+00     0.1000000000000000E+01    -0.9042636391119204E+00
     0.4000000000000000E+00     0.1000000000000000E+01    -0.9424267982989109E+00
     0.4500000000000000E+00     0.1000000000000000E+01    -0.9711723966448976E+00
     0.5000000000000000E+00     0.1000000000000000E+01    -0.9902133610603703E+00
     0.5500000000000000E+00     0.1000000000000000E+01    -0.9993595828081666E+00
     0.6000000000000000E+00     0.1000000000000000E+01    -0.9985198168898054E+00
     0.6500000000000000E+00     0.1000000000000000E+01    -0.9877025770386225E+00
     0.7000000000000000E+00     0.1000000000000000E+01    -0.9670160230210155E+00
     0.7500000000000000E+00     0.1000000000000000E+01    -0.9366668532062966E+00
     0.8000000000000000E+00     0.1000000000000000E+01    -0.8969582246167399E+00
     0.8500000000000000E+00     0.1000000000000000E+01    -0.8482867207888668E+00
     0.9000000000000000E+00     0.1000000000000000E+01    -0.7911383915066575E+00
     0.9500000000000000E+00     0.1000000000000000E+01    -0.7260838987763669E+00
     0.1000000000000000E+01     0.1000000000000000E+01    -0.6537728156889756E+00
     0.1050000000000000E+01     0.1000000000000000E+01    -0.5749271361759707E+00
     0.1100000000000000E+01     0.1000000000000000E+01    -0.4903340631415362E+00
     0.1150000000000000E+01     0.1000000000000000E+01    -0.4008381494788720E+00
     0.1200000000000000E+01     0.1000000000000000E+01    -0.3073328699784194E+00
     0.0000000000000000E+00     0.1050000000000000E+01    -0.5048461045998576E+00
     0.5000000000000000E-01     0.1050000000000000E+01    -0.5885383598715448E+00
     0.1000000000000000E+00     0.1050000000000000E+01    -0.6663441233617575E+00
     0.1500000000000000E+00     0.1050000000000000E+01    -0.7374878029602749E+00
     0.2000000000000000E+00     0.1050000000000000E+01    -0.8012597951696410E+00
     0.2500000000000000E+00     0.1050000000000000E+01    -0.8570237215637391E+00
     0.3000000000000000E+00     0.1050000000000000E+01    -0.9042229281337161E+00
     0.3500000000000000E+00     0.1050000000000000E+01    -0.9423861521381304E+00
     0.4000000000000000E+00     0.1050000000000000E+01    -0.9711323033900352E+00
     0.4500000000000000E+00     0.1050000000000000E+01    -0.9901743206248333E+00
     0.5000000000000000E+00     0.1050000000000000E+01    -0.9993220704812530E+00
     0.5500000000000000E+00     0.1050000000000000E+01    -0.9984842633517689E+00
     0.6000000000000000E+00     0.1050000000000000E+01    -0.9876693687077615E+00
     0.6500000000000000E+00     0.1050000000000000E+01    -0.9669855229291132E+00
     0.7000000000000000E+00     0.1050000000000000E+01    -0.9366394347596856E+00
     0.7500000000000000E+00     0.1050000000000000E+01    -0.8969343054523881E+00
     0.8000000000000000E+00     0.1050000000000000E+01    -0.8482667895960223E+00
     0.8500000000000000E+00     0.1050000000000000E+01    -0.7911230279280050E+00
     0.9000000000000000E+00     0.1050000000000000E+01    -0.7260737898322900E+00
     0.9500000000000000E+00     0.1050000000000000E+01    -0.6537687719742424E+00
     0.1000000000000000E+01     0.1050000000000000E+01    -0.5749301093997212E+00
     0.1050000000000000E+01     0.1050000000000000E+01    -0.4903451650689877E+00
     0.1100000000000000E+01     0.1050000000000000E+01    -0.4008586723150380E+00
     0.1150000000000000E+01     0.1050000000000000E+01    -0.3073643110062056E+00
     0.1200000000000000E+01     0.1050000000000000E+01    -0.2107957994307797E+00
     0.0000000000000000E+00     0.1100000000000000E+01    -0.5885011172553458E+00
     0.5000000000000000E-01     0.1100000000000000E+01    -0.6663062619930724E+00
     0.1000000000000000E+00     0.1100000000000000E+01    -0.7374477415895880E+00
     0.1500000000000000E+00     0.1100000000000000E+01    -0.8012170304882570E+00
     0.2000000000000000E+00     0.1100000000000000E+01    -0.8569783147635002E+00
     0.2500000000000000E+00     0.1100000000000000E+01    -0.9041752385589082E+00
     0.3000000000000000E+00     0.1100000000000000E+01    -0.9423367015006404E+00
     0.3500000000000000E+00     0.1100000000000000E+01    -0.9710817006321509E+00
     0.4000000000000000E+00     0.1100000000000000E+01    -0.9901232145408762E+00
     0.4500000000000000E+00     0.1100000000000000E+01    -0.9992711166111998E+00
     0.5000000000000000E+00     0.1100000000000000E+01    -0.9984341011830942E+00
     0.5500000000000000E+00     0.1100000000000000E+01    -0.9876206096128922E+00
     0.6000000000000000E+00     0.1100000000000000E+01    -0.9669387502591787E+00
     0.6500000000000000E+00     0.1100000000000000E+01    -0.9365952156846683E+00
     0.7000000000000000E+00     0.1100000000000000E+01    -0.8968932107590816E+00
     0.7500000000000000E+00     0.1100000000000000E+01    -0.8482294156436606E+00
     0.8000000000000000E+00     0.1100000000000000E+01    -0.7910900166474628E+00
     0.8500000000000000E+00     0.1100000000000000E+01    -0.7260458455465869E+00
     0.9000000000000000E+00     0.1100000000000000E+01    -0.6537466755503326E+00
     0.9500000000000000E+00     0.1100000000000000E+01    -0.5749147303490960E+00
     0.1000000000000000E+01     0.1100000000000000E+01    -0.4903374713431799E+00
     0.1050000000000000E+01     0.1100000000000000E+01    -0.4008597368177276E+00
     0.1100000000000000E+01     0.1100000000000000E+01    -0.3073753153524107E+00
     0.1150000000000000E+01     0.1100000000000000E+01    -0.2108180440031336E+00
     0.1200000000000000E+01     0.1100000000000000E+01    -0.1121525269350549E+00
     0.0000000000000000E+00     0.1150000000000000E+01    -0.6662760212798241E+00
     0.5000000000000000E-01     0.1150000000000000E+01    -0.7374123844319973E+00
     0.1000000000000000E+00     0.1150000000000000E+01    -0.8011758112695609E+00
     0.1500000000000000E+00     0.1150000000000000E+01    -0.8569315738660792E+00
     0.2000000000000000E+00     0.1150000000000000E+01    -0.9041236436733012E+00
     0.2500000000000000E+00     0.1150000000000000E+01    -0.9422810313087664E+00
     0.3000000000000000E+00     0.1150000000000000E+01    -0.9710227777664932E+00
     0.3500000000000000E+00     0.1150000000000000E+01    -0.9900618798846706E+00
     0.4000000000000000E+00     0.1150000000000000E+01    -0.9992082143929603E+00
     0.4500000000000000E+00     0.1150000000000000E+01    -0.9983704670063744E+00
     0.5000000000000000E+00     0.1150000000000000E+01    -0.9875570608246070E+00
     0.5500000000000000E+00     0.1150000000000000E+01    -0.9668760803586099E+00
     0.6000000000000000E+00     0.1150000000000000E+01    -0.9365341945740031E+00
     0.6500000000000000E+00     0.1150000000000000E+01    -0.8968345913664684E+00
     0.7000000000000000E+00     0.1150000000000000E+01    -0.8481739456076918E+00
     0.7500000000000000E+00     0.1150000000000000E+01    -0.7910384525413352E+00
     0.8000000000000000E+00     0.1150000000000000E+01    -0.7259989673271264E+00
     0.8500000000000000E+00     0.1150000000000000E+01    -0.6537052998299107E+00
     0.9000000000000000E+00     0.1150000000000000E+01    -0.5748797216928032E+00
     0.9500000000000000E+00     0.1150000000000000E+01    -0.4903097505575036E+00
     0.1000000000000000E+01     0.1150000000000000E+01    -0.4008402840043673E+00
     0.1050000000000000E+01     0.1150000000000000E+01    -0.3073651634765773E+00
     0.1100000000000000E+01     0.1150000000000000E+01    -0.2108182569876112E+00
     0.1150000000000000E+01     0.1150000000000000E+01    -0.1121641623416783E+00
     0.1200000000000000E+01     0.1150000000000000E+01    -0.1238866346289145E-01
     0.0000000000000000E+00     0.1200000000000000E+01    -0.7373940000000000E+00
     0.5000000000000000E-01     0.1200000000000000E+01    -0.8011436155469337E+00
     0.1000000000000000E+00     0.1200000000000000E+01    -0.8568887533689473E+00
     0.1500000000000000E+00     0.1200000000000000E+01    -0.9040721420170610E+00
     0.2000000000000000E+00     0.1200000000000000E+01    -0.9422223406686581E+00
     0.2500000000000000E+00     0.1200000000000000E+01    -0.9709581651495905E+00
     0.3000000000000000E+00     0.1200000000000000E+01    -0.9899924966004454E+00
     0.3500000000000000E+00     0.1200000000000000E+01    -0.9991351502732795E+00
     0.4000000000000000E+00     0.1200000000000000E+01    -0.9982947757947531E+00
     0.4500000000000000E+00     0.1200000000000000E+01    -0.9874797699088649E+00
     0.5000000000000000E+00     0.1200000000000000E+01    -0.9667981925794611E+00
     0.5500000000000000E+00     0.1200000000000000E+01    -0.9364566872907963E+00
     0.6000000000000000E+00     0.1200000000000000E+01    -0.8967584163341472E+00
     0.6500000000000000E+00     0.1200000000000000E+01    -0.8481000317104080E+00
     0.7000000000000000E+00     0.1200000000000000E+01    -0.7909677119144168E+00
     0.7500000000000000E+00     0.1200000000000000E+01    -0.7259323042001402E+00
     0.8000000000000000E+00     0.1200000000000000E+01    -0.6536436208636119E+00
     0.8500000000000000E+00     0.1200000000000000E+01    -0.5748239465332692E+00
     0.9000000000000000E+00     0.1200000000000000E+01    -0.4902608213406994E+00
     0.9500000000000000E+00     0.1200000000000000E+01    -0.4007991720799755E+00
     0.1000000000000000E+01     0.1200000000000000E+01    -0.3073328699784194E+00
     0.1050000000000000E+01     0.1200000000000000E+01    -0.2107957994307797E+00
     0.1100000000000000E+01     0.1200000000000000E+01    -0.1121525269350549E+00
     0.1150000000000000E+01     0.1200000000000000E+01    -0.1238866346289145E-01
     0.1200000000000000E+01     0.1200000000000000E+01     0.8749899999999999E-01
