3 -1 6
3 -1 4
4 -1 0
4 -1 1
4 -1 4
3 -1 2
5 31 0
4 -1 2
5 10 0
2 -1 9
6 2 0
4 -1 2
5 11 0
2 -1 9
6 0 0
4 -1 2
5 31 1
2 -1 9
6 0 1
4 -1 3
3 -1 3
5 27 0
2 -1 9
6 0 2
4 -1 2
5 27 1
2 -1 9
6 2 1
4 -1 2
5 11 1
4 -1 3
5 11 1
2 -1 9
5 11 0
4 -1 3
5 31 0
2 -1 9
5 27 1
4 -1 3
3 -1 0
5 11 2
2 -1 9
5 10 0
2 -1 10
5 11 0
4 -1 2
5 11 3
4 -1 2
5 11 4
4 -1 2
5 11 5
4 -1 3
5 11 3
2 -1 9
5 27 0
2 -1 0
6 0 2
4 -1 3
5 11 4
2 -1 9
5 11 0
2 -1 11
5 31 1
4 -1 3
5 11 5
2 -1 9
5 11 4
2 -1 8
5 11 3
4 -1 3
5 11 1
2 -1 9
5 27 1
2 -1 3
5 11 0
2 -1 1
4 -1 0
6 1 0
2 -1 5
4 -1 0
5 10 0
2 -1 5
5 31 1
4 -1 1
4 -1 1
4 -1 3
5 27 0
2 -1 9
5 11 1
2 -1 5
6 3 0
4 -1 3
5 31 1
2 -1 4
6 4 0
4 -1 3
3 -1 2
5 29 0
2 -1 9
5 10 0
2 -1 0
6 5 0
2 -1 5
4 -1 0
5 11 0
2 -1 10
6 1 0
2 -1 1
6 4 1
4 -1 1
4 -1 3
4 -1 5
4 -1 5
