eps = 1.0E-01
Итерация	a			b		Длина отрезка		Отношение длин
1	2.000000000000E+00	1.010250000000E+02	9.902500000000E+01	1.999495077001E+00
2	2.000000000000E+00	5.153750000000E+01	4.953750000000E+01	1.998990663639E+00
3	2.000000000000E+00	2.679375000000E+01	2.479375000000E+01	1.997983362743E+00
4	1.437187500000E+01	2.679375000000E+01	1.242187500000E+01	1.995974842767E+00
5	1.437187500000E+01	2.060781250000E+01	6.235937500000E+00	1.991981959409E+00
6	1.437187500000E+01	1.751484375000E+01	3.142968750000E+00	1.984091474024E+00
7	1.437187500000E+01	1.596835937500E+01	1.596484375000E+00	1.968681184243E+00
8	1.437187500000E+01	1.519511718750E+01	8.232421875000E-01	1.939264531435E+00
9	1.475849609375E+01	1.519511718750E+01	4.366210937500E-01	1.885484231715E+00
10	1.495180664062E+01	1.519511718750E+01	2.433105468750E-01	1.794501304435E+00
11	1.495180664062E+01	1.509846191406E+01	1.466552734375E-01	1.659064424838E+00
12	1.495180664062E+01	1.505013427734E+01	9.832763671875E-02	1.491495965239E+00
Result:	15.0009704589843746
Iter:	12
Error:	6.470E-05

eps = 1.0E-02
Итерация	a			b		Длина отрезка		Отношение длин
1	2.000000000000E+00	1.010025000000E+02	9.900250000000E+01	1.999949496225E+00
2	2.000000000000E+00	5.150375000000E+01	4.950375000000E+01	1.999898997551E+00
3	2.000000000000E+00	2.675437500000E+01	2.475437500000E+01	1.999798015502E+00
4	1.437468750000E+01	2.675437500000E+01	1.237968750000E+01	1.999596112584E+00
5	1.437468750000E+01	2.056703125000E+01	6.192343750000E+00	1.999192551286E+00
6	1.437468750000E+01	1.747335937500E+01	3.098671875000E+00	1.998386405466E+00
7	1.437468750000E+01	1.592652343750E+01	1.551835937500E+00	1.996778009918E+00
8	1.437468750000E+01	1.515310546875E+01	7.784179687500E-01	1.993576715594E+00
9	1.476139648438E+01	1.515310546875E+01	3.917089843750E-01	1.987235421705E+00
10	1.495475097656E+01	1.515310546875E+01	1.983544921875E-01	1.974792605174E+00
11	1.495475097656E+01	1.505642822266E+01	1.016772460937E-01	1.950824789301E+00
12	1.495475097656E+01	1.500808959961E+01	5.333862304687E-02	1.906259297402E+00
13	1.497892028809E+01	1.500808959961E+01	2.916931152344E-02	1.828586972443E+00
14	1.499100494385E+01	1.500808959961E+01	1.708465576172E-02	1.707339728132E+00
15	1.499704727173E+01	1.500808959961E+01	1.104232788086E-02	1.547196926776E+00
16	1.499704727173E+01	1.500506843567E+01	8.021163940429E-03	1.376649070243E+00
Result:	15.0010578536987325
Iter:	16
Error:	7.052E-05

eps = 1.0E-03
Итерация	a			b		Длина отрезка		Отношение длин
1	2.000000000000E+00	1.010002500000E+02	9.900025000000E+01	1.999994949508E+00
2	2.000000000000E+00	5.150037500000E+01	4.950037500000E+01	1.999989899066E+00
3	2.000000000000E+00	2.675043750000E+01	2.475043750000E+01	1.999979798337E+00
4	1.437496875000E+01	2.675043750000E+01	1.237546875000E+01	1.999959597490E+00
5	1.437496875000E+01	2.056295312500E+01	6.187984375000E+00	1.999919198245E+00
6	1.437496875000E+01	1.746921093750E+01	3.094242187500E+00	1.999838409546E+00
7	1.437496875000E+01	1.592233984375E+01	1.547371093750E+00	1.999676871306E+00
8	1.437496875000E+01	1.514890429688E+01	7.739355468750E-01	1.999353951370E+00
9	1.476168652344E+01	1.514890429688E+01	3.872177734375E-01	1.998708736958E+00
10	1.495504541016E+01	1.514890429688E+01	1.938588867187E-01	1.997420804336E+00
11	1.495504541016E+01	1.505222485352E+01	9.717944335937E-02	1.994854878946E+00
12	1.495504541016E+01	1.500388513184E+01	4.883972167969E-02	1.989762431423E+00
13	1.497921527100E+01	1.500388513184E+01	2.466986083984E-02	1.979732354258E+00
14	1.499130020142E+01	1.500388513184E+01	1.258493041992E-02	1.960269943232E+00
15	1.499734266663E+01	1.500388513184E+01	6.542465209961E-03	1.923576208057E+00
16	1.499734266663E+01	1.500086389923E+01	3.521232604980E-03	1.858004268366E+00
17	1.499885328293E+01	1.500086389923E+01	2.010616302490E-03	1.751320030887E+00
18	1.499960859108E+01	1.500086389923E+01	1.255308151245E-03	1.601691425723E+00
19	1.499960859108E+01	1.500048624516E+01	8.776540756230E-04	1.430299460929E+00
Result:	15.0000474181175232
Iter:	19
Error:	3.161E-06

eps = 1.0E-04
Итерация	a			b		Длина отрезка		Отношение длин
1	2.000000000000E+00	1.010000250000E+02	9.900002500000E+01	1.999999494950E+00
2	2.000000000000E+00	5.150003750000E+01	4.950003750000E+01	1.999998989900E+00
3	2.000000000000E+00	2.675004375000E+01	2.475004375000E+01	1.999997979802E+00
4	1.437499687500E+01	2.675004375000E+01	1.237504687500E+01	1.999995959611E+00
5	1.437499687500E+01	2.056254531250E+01	6.187548437500E+00	1.999991919255E+00
6	1.437499687500E+01	1.746879609375E+01	3.093799218750E+00	1.999983838641E+00
7	1.437499687500E+01	1.592192148438E+01	1.546924609375E+00	1.999967677804E+00
8	1.437499687500E+01	1.514848417969E+01	7.734873046875E-01	1.999935357698E+00
9	1.476171552734E+01	1.514848417969E+01	3.867686523438E-01	1.999870723753E+00
10	1.495507485352E+01	1.514848417969E+01	1.934093261719E-01	1.999741480925E+00
11	1.495507485352E+01	1.505180451660E+01	9.672966308594E-02	1.999483095481E+00
12	1.495507485352E+01	1.500346468506E+01	4.838983154297E-02	1.998966725066E+00
13	1.497924476929E+01	1.500346468506E+01	2.421991577149E-02	1.997935583242E+00
14	1.499132972717E+01	1.500346468506E+01	1.213495788574E-02	1.995879672557E+00
15	1.499737220612E+01	1.500346468506E+01	6.092478942872E-03	1.991793159982E+00
16	1.499737220612E+01	1.500044344559E+01	3.071239471437E-03	1.983719927910E+00
17	1.499888282585E+01	1.500044344559E+01	1.560619735718E-03	1.967961445793E+00
18	1.499963813572E+01	1.500044344559E+01	8.053098678591E-04	1.937912098193E+00
19	1.499963813572E+01	1.500006579065E+01	4.276549339295E-04	1.883083308450E+00
20	1.499982696319E+01	1.500006579065E+01	2.388274669656E-04	1.790643845798E+00
21	1.499992137692E+01	1.500006579065E+01	1.444137334836E-04	1.653772540911E+00
22	1.499996858379E+01	1.500006579065E+01	9.720686674264E-05	1.485633045513E+00
Result:	15.0000171872198607
Iter:	22
Error:	1.146E-06

eps = 1.0E-05
Итерация	a			b		Длина отрезка		Отношение длин
1	2.000000000000E+00	1.010000025000E+02	9.900000250000E+01	1.999999949495E+00
2	2.000000000000E+00	5.150000375000E+01	4.950000375000E+01	1.999999898990E+00
3	2.000000000000E+00	2.675000437500E+01	2.475000437500E+01	1.999999797980E+00
4	1.437499968750E+01	2.675000437500E+01	1.237500468750E+01	1.999999595960E+00
5	1.437499968750E+01	2.056250453125E+01	6.187504843750E+00	1.999999191920E+00
6	1.437499968750E+01	1.746875460938E+01	3.093754921875E+00	1.999998383841E+00
7	1.437499968750E+01	1.592187964844E+01	1.546879960938E+00	1.999996767687E+00
8	1.437499968750E+01	1.514844216797E+01	7.734424804688E-01	1.999993535395E+00
9	1.476171842773E+01	1.514844216797E+01	3.867237402344E-01	1.999987070874E+00
10	1.495507779785E+01	1.514844216797E+01	1.933643701172E-01	1.999974142082E+00
11	1.495507779785E+01	1.505176248291E+01	9.668468505860E-02	1.999948285501E+00
12	1.495507779785E+01	1.500342264038E+01	4.834484252930E-02	1.999896576352E+00
13	1.497924771912E+01	1.500342264038E+01	2.417492126465E-02	1.999793174094E+00
14	1.499133267975E+01	1.500342264038E+01	1.208996063233E-02	1.999586433724E+00
15	1.499737516006E+01	1.500342264038E+01	6.047480316163E-03	1.999173209380E+00
16	1.499737516006E+01	1.500040140022E+01	3.026240158082E-03	1.998347784796E+00
17	1.499888578014E+01	1.500040140022E+01	1.515620079042E-03	1.996701020216E+00
18	1.499964109018E+01	1.500040140022E+01	7.603100395208E-04	1.993423735398E+00
19	1.499964109018E+01	1.500002374520E+01	3.826550197612E-04	1.986933400208E+00
20	1.499982991769E+01	1.500002374520E+01	1.938275098805E-04	1.974203868156E+00
21	1.499992433145E+01	1.500002374520E+01	9.941375494016E-05	1.949705148922E+00
22	1.499997153833E+01	1.500002374520E+01	5.220687747176E-05	1.904227177615E+00
23	1.499999514176E+01	1.500002374520E+01	2.860343873756E-05	1.825195842736E+00
24	1.499999514176E+01	1.500001194348E+01	1.680171936869E-05	1.702411408613E+00
25	1.499999514176E+01	1.500000604262E+01	1.090085968514E-05	1.541320579660E+00
26	1.499999514176E+01	1.500000309219E+01	7.950429843362E-06	1.371103185602E+00
Result:	14.9999991169792022
Iter:	26
Error:	5.887E-08

eps = 1.0E-06
Итерация	a			b		Длина отрезка		Отношение длин
1	2.000000000000E+00	1.010000002500E+02	9.900000025000E+01	1.999999994949E+00
2	2.000000000000E+00	5.150000037500E+01	4.950000037500E+01	1.999999989899E+00
3	2.000000000000E+00	2.675000043750E+01	2.475000043750E+01	1.999999979798E+00
4	1.437499996875E+01	2.675000043750E+01	1.237500046875E+01	1.999999959596E+00
5	1.437499996875E+01	2.056250045312E+01	6.187500484375E+00	1.999999919192E+00
6	1.437499996875E+01	1.746875046094E+01	3.093750492187E+00	1.999999838384E+00
7	1.437499996875E+01	1.592187546484E+01	1.546875496094E+00	1.999999676768E+00
8	1.437499996875E+01	1.514843796680E+01	7.734379980469E-01	1.999999353536E+00
9	1.476171871777E+01	1.514843796680E+01	3.867192490234E-01	1.999998707072E+00
10	1.495507809229E+01	1.514843796680E+01	1.933598745117E-01	1.999997414148E+00
11	1.495507809229E+01	1.505175827954E+01	9.668018725586E-02	1.999994828310E+00
12	1.495507809229E+01	1.500341843591E+01	4.834034362793E-02	1.999989656673E+00
13	1.497924801410E+01	1.500341843591E+01	2.417042181396E-02	1.999979313559E+00
14	1.499133297501E+01	1.500341843591E+01	1.208546090698E-02	1.999958627974E+00
15	1.499737545546E+01	1.500341843591E+01	6.042980453490E-03	1.999917259372E+00
16	1.499737545546E+01	1.500039719569E+01	3.021740226744E-03	1.999834532435E+00
17	1.499888607557E+01	1.500039719569E+01	1.511120113372E-03	1.999669119618E+00
18	1.499964138563E+01	1.500039719569E+01	7.558100566865E-04	1.999338458127E+00
19	1.499964138563E+01	1.500001954066E+01	3.781550283435E-04	1.998677790951E+00
20	1.499983021314E+01	1.500001954066E+01	1.893275141711E-04	1.997359073767E+00
21	1.499992462690E+01	1.500001954066E+01	9.491375708492E-05	1.994732059776E+00
22	1.499997183378E+01	1.500001954066E+01	4.770687854183E-05	1.989519331090E+00
23	1.499999543722E+01	1.500001954066E+01	2.410343926940E-05	1.979256072489E+00
24	1.499999543722E+01	1.500000773894E+01	1.230171963407E-05	1.959355276042E+00
25	1.499999543722E+01	1.500000183808E+01	6.400859817290E-06	1.921885494326E+00
26	1.499999838765E+01	1.500000183808E+01	3.450429908014E-06	1.855090521452E+00
27	1.499999838765E+01	1.500000036286E+01	1.975214953376E-06	1.746862994388E+00
28	1.499999912526E+01	1.500000036286E+01	1.237607476057E-06	1.595994684574E+00
29	1.499999949406E+01	1.500000036286E+01	8.688037382854E-07	1.424496030023E+00
Result:	14.9999999284617189
Iter:	29
Error:	4.769E-09

eps = 1.0E-07
Итерация	a			b		Длина отрезка		Отношение длин
1	2.000000000000E+00	1.010000000250E+02	9.900000002500E+01	1.999999999495E+00
2	2.000000000000E+00	5.150000003750E+01	4.950000003750E+01	1.999999998990E+00
3	2.000000000000E+00	2.675000004375E+01	2.475000004375E+01	1.999999997980E+00
4	1.437499999687E+01	2.675000004375E+01	1.237500004687E+01	1.999999995960E+00
5	1.437499999687E+01	2.056250004531E+01	6.187500048437E+00	1.999999991919E+00
6	1.437499999687E+01	1.746875004609E+01	3.093750049219E+00	1.999999983838E+00
7	1.437499999687E+01	1.592187504648E+01	1.546875049609E+00	1.999999967677E+00
8	1.437499999687E+01	1.514843754668E+01	7.734375498047E-01	1.999999935354E+00
9	1.476171874678E+01	1.514843754668E+01	3.867187999023E-01	1.999999870707E+00
10	1.495507812173E+01	1.514843754668E+01	1.933594249512E-01	1.999999741414E+00
11	1.495507812173E+01	1.505175785920E+01	9.667973747559E-02	1.999999482829E+00
12	1.495507812173E+01	1.500341801547E+01	4.833989373779E-02	1.999998965658E+00
13	1.497924804360E+01	1.500341801547E+01	2.416997186890E-02	1.999997931317E+00
14	1.499133300453E+01	1.500341801547E+01	1.208501093445E-02	1.999995862643E+00
15	1.499737548500E+01	1.500341801547E+01	6.042530467225E-03	1.999991725321E+00
16	1.499737548500E+01	1.500039677523E+01	3.021290233614E-03	1.999983450778E+00
17	1.499888610512E+01	1.500039677523E+01	1.510670116808E-03	1.999966902104E+00
18	1.499964141517E+01	1.500039677523E+01	7.553600584043E-04	1.999933806401E+00
19	1.499964141517E+01	1.500001912020E+01	3.777050292033E-04	1.999867621560E+00
20	1.499983024269E+01	1.500001912020E+01	1.888775146028E-04	1.999735278164E+00
21	1.499992465645E+01	1.500001912020E+01	9.446375730171E-05	1.999470696466E+00
22	1.499997186332E+01	1.500001912020E+01	4.725687865204E-05	1.998941952922E+00
23	1.499999546676E+01	1.500001912020E+01	2.365343932631E-05	1.997886142480E+00
24	1.499999546676E+01	1.500000731848E+01	1.185171966434E-05	1.995781202747E+00
25	1.499999546676E+01	1.500000141762E+01	5.950859831572E-06	1.991597853046E+00
26	1.499999841719E+01	1.500000141762E+01	3.000429916966E-06	1.983335720632E+00
27	1.499999989241E+01	1.500000141762E+01	1.525214958775E-06	1.967217735247E+00
28	1.499999989241E+01	1.500000068002E+01	7.876074796798E-07	1.936516600116E+00
29	1.499999989241E+01	1.500000031121E+01	4.188037401320E-07	1.880612335103E+00
30	1.499999989241E+01	1.500000012681E+01	2.344018703582E-07	1.786691119367E+00
31	1.499999989241E+01	1.500000003461E+01	1.422009354712E-07	1.648384868787E+00
32	1.499999993851E+01	1.500000003461E+01	9.610046802777E-08	1.479711164676E+00
Result:	14.9999999865597431
Iter:	32
Error:	8.960E-10

eps = 1.0E-08
Итерация	a			b		Длина отрезка		Отношение длин
1	2.000000000000E+00	1.010000000025E+02	9.900000000250E+01	1.999999999949E+00
2	2.000000000000E+00	5.150000000375E+01	4.950000000375E+01	1.999999999899E+00
3	2.000000000000E+00	2.675000000437E+01	2.475000000437E+01	1.999999999798E+00
4	1.437499999969E+01	2.675000000437E+01	1.237500000469E+01	1.999999999596E+00
5	1.437499999969E+01	2.056250000453E+01	6.187500004844E+00	1.999999999192E+00
6	1.437499999969E+01	1.746875000461E+01	3.093750004922E+00	1.999999998384E+00
7	1.437499999969E+01	1.592187500465E+01	1.546875004961E+00	1.999999996768E+00
8	1.437499999969E+01	1.514843750467E+01	7.734375049805E-01	1.999999993535E+00
9	1.476171874968E+01	1.514843750467E+01	3.867187549902E-01	1.999999987071E+00
10	1.495507812467E+01	1.514843750467E+01	1.933593799951E-01	1.999999974141E+00
11	1.495507812467E+01	1.505175781717E+01	9.667969249756E-02	1.999999948283E+00
12	1.495507812467E+01	1.500341797342E+01	4.833984874878E-02	1.999999896566E+00
13	1.497924804655E+01	1.500341797342E+01	2.416992687439E-02	1.999999793131E+00
14	1.499133300748E+01	1.500341797342E+01	1.208496593719E-02	1.999999586263E+00
15	1.499737548795E+01	1.500341797342E+01	6.042485468598E-03	1.999999172526E+00
16	1.499737548795E+01	1.500039673319E+01	3.021245234299E-03	1.999998345053E+00
17	1.499888610807E+01	1.500039673319E+01	1.510625117151E-03	1.999996690111E+00
18	1.499964141813E+01	1.500039673319E+01	7.553150585746E-04	1.999993380248E+00
19	1.499964141813E+01	1.500001907816E+01	3.776600292866E-04	1.999986760583E+00
20	1.499983024564E+01	1.500001907816E+01	1.888325146435E-04	1.999973521507E+00
21	1.499992465940E+01	1.500001907816E+01	9.441875732108E-05	1.999947044435E+00
22	1.499997186628E+01	1.500001907816E+01	4.721187866075E-05	1.999894094441E+00
23	1.499999546972E+01	1.500001907816E+01	2.360843933147E-05	1.999788211236E+00
24	1.499999546972E+01	1.500000727644E+01	1.180671966594E-05	1.999576512312E+00
25	1.499999546972E+01	1.500000137558E+01	5.905859833177E-06	1.999153383156E+00
26	1.499999842015E+01	1.500000137558E+01	2.955429916796E-06	1.998308198619E+00
27	1.499999989536E+01	1.500000137558E+01	1.480214958605E-06	1.996622111954E+00
28	1.499999989536E+01	1.500000063797E+01	7.426074795092E-07	1.993266967339E+00
29	1.499999989536E+01	1.500000026917E+01	3.738037399614E-07	1.986623995752E+00
30	1.499999989536E+01	1.500000008477E+01	1.894018701876E-07	1.973601103259E+00
31	1.499999989536E+01	1.499999999256E+01	9.720093530063E-08	1.948560161502E+00
32	1.499999994146E+01	1.499999999256E+01	5.110046785717E-08	1.902153529637E+00
33	1.499999994146E+01	1.499999996951E+01	2.805023413543E-08	1.821748353701E+00
34	1.499999994146E+01	1.499999995799E+01	1.652511727457E-08	1.697430261424E+00
35	1.499999994146E+01	1.499999995223E+01	1.076255884414E-08	1.535426427292E+00
36	1.499999994146E+01	1.499999994935E+01	7.881279628918E-09	1.365585203276E+00
Result:	14.9999999454046957
Iter:	36
Error:	3.640E-09

eps = 1.0E-09
Итерация	a			b		Длина отрезка		Отношение длин
1	2.000000000000E+00	1.010000000002E+02	9.900000000025E+01	1.999999999995E+00
2	2.000000000000E+00	5.150000000037E+01	4.950000000037E+01	1.999999999990E+00
3	2.000000000000E+00	2.675000000044E+01	2.475000000044E+01	1.999999999980E+00
4	1.437499999997E+01	2.675000000044E+01	1.237500000047E+01	1.999999999960E+00
5	1.437499999997E+01	2.056250000045E+01	6.187500000484E+00	1.999999999919E+00
6	1.437499999997E+01	1.746875000046E+01	3.093750000492E+00	1.999999999838E+00
7	1.437499999997E+01	1.592187500046E+01	1.546875000496E+00	1.999999999677E+00
8	1.437499999997E+01	1.514843750047E+01	7.734375004980E-01	1.999999999354E+00
9	1.476171874997E+01	1.514843750047E+01	3.867187504990E-01	1.999999998707E+00
10	1.495507812497E+01	1.514843750047E+01	1.933593754995E-01	1.999999997414E+00
11	1.495507812497E+01	1.505175781297E+01	9.667968799975E-02	1.999999994828E+00
12	1.495507812497E+01	1.500341796922E+01	4.833984424988E-02	1.999999989657E+00
13	1.497924804684E+01	1.500341796922E+01	2.416992237494E-02	1.999999979313E+00
14	1.499133300778E+01	1.500341796922E+01	1.208496143747E-02	1.999999958626E+00
15	1.499737548825E+01	1.500341796922E+01	6.042480968734E-03	1.999999917253E+00
16	1.499737548825E+01	1.500039672898E+01	3.021240734366E-03	1.999999834506E+00
17	1.499888610837E+01	1.500039672898E+01	1.510620617182E-03	1.999999669011E+00
18	1.499964141842E+01	1.500039672898E+01	7.553105585902E-04	1.999999338023E+00
19	1.499964141842E+01	1.500001907395E+01	3.776555292934E-04	1.999998676051E+00
20	1.499983024594E+01	1.500001907395E+01	1.888280146467E-04	1.999997352088E+00
21	1.499992465970E+01	1.500001907395E+01	9.441425732248E-05	1.999994704208E+00
22	1.499997186657E+01	1.500001907395E+01	4.720737866037E-05	1.999989408472E+00
23	1.499999547001E+01	1.500001907395E+01	2.360393932932E-05	1.999978817169E+00
24	1.499999547001E+01	1.500000727223E+01	1.180221966379E-05	1.999957635235E+00
25	1.499999547001E+01	1.500000137137E+01	5.901359831029E-06	1.999915274059E+00
26	1.499999842044E+01	1.500000137137E+01	2.950929914647E-06	1.999830562474E+00
27	1.499999842044E+01	1.499999989616E+01	1.475714956456E-06	1.999661182356E+00
28	1.499999915805E+01	1.499999989616E+01	7.381074773605E-07	1.999322594229E+00
29	1.499999915805E+01	1.499999952736E+01	3.693037378127E-07	1.998646105593E+00
30	1.499999934245E+01	1.499999952736E+01	1.849018680389E-07	1.997295872290E+00
31	1.499999943465E+01	1.499999952736E+01	9.270093315195E-08	1.994606329753E+00
32	1.499999948075E+01	1.499999952736E+01	4.660046570848E-08	1.989270530725E+00
33	1.499999948075E+01	1.499999950431E+01	2.355023198675E-08	1.978768860311E+00
34	1.499999948075E+01	1.499999949278E+01	1.202511512588E-08	1.958420500779E+00
35	1.499999948652E+01	1.499999949278E+01	6.262556695447E-09	1.920160680481E+00
36	1.499999948940E+01	1.499999949278E+01	3.381277480230E-09	1.852127408077E+00
37	1.499999949084E+01	1.499999949278E+01	1.940637872622E-09	1.742353649763E+00
38	1.499999949156E+01	1.499999949278E+01	1.220318068818E-09	1.590272177566E+00
39	1.499999949192E+01	1.499999949278E+01	8.601581669154E-10	1.418713575892E+00
Result:	14.9999994923498718
Iter:	39
Error:	3.384E-08

eps = 1.0E-10
Итерация	a			b		Длина отрезка		Отношение длин
1	2.000000000000E+00	1.010000000000E+02	9.900000000002E+01	1.999999999999E+00
2	2.000000000000E+00	5.150000000004E+01	4.950000000004E+01	1.999999999999E+00
3	2.000000000000E+00	2.675000000004E+01	2.475000000004E+01	1.999999999998E+00
4	1.437500000000E+01	2.675000000004E+01	1.237500000005E+01	1.999999999996E+00
5	1.437500000000E+01	2.056250000005E+01	6.187500000048E+00	1.999999999992E+00
6	1.437500000000E+01	1.746875000005E+01	3.093750000049E+00	1.999999999984E+00
7	1.437500000000E+01	1.592187500005E+01	1.546875000050E+00	1.999999999968E+00
8	1.437500000000E+01	1.514843750005E+01	7.734375000498E-01	1.999999999935E+00
9	1.476171875000E+01	1.514843750005E+01	3.867187500499E-01	1.999999999871E+00
10	1.495507812500E+01	1.514843750005E+01	1.933593750500E-01	1.999999999741E+00
11	1.495507812500E+01	1.505175781255E+01	9.667968754998E-02	1.999999999483E+00
12	1.495507812500E+01	1.500341796880E+01	4.833984379999E-02	1.999999998966E+00
13	1.497924804687E+01	1.500341796880E+01	2.416992192500E-02	1.999999997931E+00
14	1.499133300781E+01	1.500341796880E+01	1.208496098750E-02	1.999999995862E+00
15	1.499737548828E+01	1.500341796880E+01	6.042480518749E-03	1.999999991725E+00
16	1.499737548828E+01	1.500039672856E+01	3.021240284376E-03	1.999999983450E+00
17	1.499888610840E+01	1.500039672856E+01	1.510620167188E-03	1.999999966900E+00
18	1.499964141845E+01	1.500039672856E+01	7.553101085946E-04	1.999999933801E+00
19	1.499964141845E+01	1.500001907353E+01	3.776550792978E-04	1.999999867602E+00
20	1.499983024597E+01	1.500001907353E+01	1.888275646493E-04	1.999999735203E+00
21	1.499992465973E+01	1.500001907353E+01	9.441380732511E-05	1.999999470407E+00
22	1.499997186660E+01	1.500001907353E+01	4.720692866300E-05	1.999998940815E+00
23	1.499997186660E+01	1.499999547009E+01	2.360348933195E-05	1.999997881631E+00
24	1.499998366832E+01	1.499999547009E+01	1.180176966642E-05	1.999995763272E+00
25	1.499998956918E+01	1.499999547009E+01	5.900909833656E-06	1.999991526579E+00
26	1.499999251961E+01	1.499999547009E+01	2.950479917274E-06	1.999983053302E+00
27	1.499999251961E+01	1.499999399488E+01	1.475264959083E-06	1.999966107178E+00
28	1.499999325722E+01	1.499999399488E+01	7.376574799878E-07	1.999932216654E+00
29	1.499999362603E+01	1.499999399488E+01	3.688537404400E-07	1.999864442496E+00
30	1.499999381043E+01	1.499999399488E+01	1.844518706662E-07	1.999728921739E+00
31	1.499999390263E+01	1.499999399488E+01	9.225093577925E-08	1.999457990405E+00
32	1.499999394873E+01	1.499999399488E+01	4.615046833578E-08	1.998916568041E+00
33	1.499999397178E+01	1.499999399488E+01	2.310023461405E-08	1.997835481191E+00
34	1.499999397178E+01	1.499999398335E+01	1.157511775318E-08	1.995680312427E+00
35	1.499999397178E+01	1.499999397759E+01	5.812559322749E-09	1.991397783741E+00
36	1.499999397178E+01	1.499999397471E+01	2.931280107532E-09	1.982942301492E+00
37	1.499999397322E+01	1.499999397471E+01	1.490640499924E-09	1.966456773234E+00
38	1.499999397322E+01	1.499999397399E+01	7.703206961196E-10	1.935090810143E+00
39	1.499999397358E+01	1.499999397399E+01	4.101607942175E-10	1.878094413166E+00
40	1.499999397376E+01	1.499999397399E+01	2.300808432665E-10	1.782681201939E+00
41	1.499999397376E+01	1.499999397390E+01	1.400408677910E-10	1.642954995180E+00
42	1.499999397380E+01	1.499999397390E+01	9.502088005320E-11	1.473790473342E+00
Result:	14.9999939738519323
Iter:	42
Error:	4.017E-07

eps = 1.0E-11
Итерация	a			b		Длина отрезка		Отношение длин
1	2.000000000000E+00	1.010000000000E+02	9.900000000000E+01	2.000000000000E+00
2	2.000000000000E+00	5.150000000000E+01	4.950000000000E+01	2.000000000000E+00
3	2.000000000000E+00	2.675000000000E+01	2.475000000000E+01	2.000000000000E+00
4	1.437500000000E+01	2.675000000000E+01	1.237500000000E+01	2.000000000000E+00
5	1.437500000000E+01	2.056250000000E+01	6.187500000005E+00	1.999999999999E+00
6	1.437500000000E+01	1.746875000000E+01	3.093750000005E+00	1.999999999998E+00
7	1.437500000000E+01	1.592187500000E+01	1.546875000005E+00	1.999999999997E+00
8	1.437500000000E+01	1.514843750000E+01	7.734375000050E-01	1.999999999994E+00
9	1.476171875000E+01	1.514843750000E+01	3.867187500050E-01	1.999999999987E+00
10	1.495507812500E+01	1.514843750000E+01	1.933593750050E-01	1.999999999974E+00
11	1.495507812500E+01	1.505175781250E+01	9.667968750500E-02	1.999999999948E+00
12	1.495507812500E+01	1.500341796875E+01	4.833984375500E-02	1.999999999897E+00
13	1.497924804687E+01	1.500341796875E+01	2.416992188000E-02	1.999999999793E+00
14	1.499133300781E+01	1.500341796875E+01	1.208496094250E-02	1.999999999587E+00
15	1.499737548828E+01	1.500341796875E+01	6.042480473747E-03	1.999999999173E+00
16	1.499737548828E+01	1.500039672852E+01	3.021240239374E-03	1.999999998345E+00
17	1.499888610840E+01	1.500039672852E+01	1.510620122186E-03	1.999999996691E+00
18	1.499964141846E+01	1.500039672852E+01	7.553100635924E-04	1.999999993382E+00
19	1.499964141846E+01	1.500001907349E+01	3.776550342955E-04	1.999999986764E+00
20	1.499983024597E+01	1.500001907349E+01	1.888275196471E-04	1.999999973528E+00
21	1.499992465973E+01	1.500001907349E+01	9.441376232289E-05	1.999999947056E+00
22	1.499992465973E+01	1.499997186661E+01	4.720688366078E-05	1.999999894111E+00
23	1.499994826317E+01	1.499997186661E+01	2.360344432972E-05	1.999999788223E+00
24	1.499994826317E+01	1.499996006489E+01	1.180172466420E-05	1.999999576446E+00
25	1.499994826317E+01	1.499995416403E+01	5.900864831432E-06	1.999999152892E+00
26	1.499995121360E+01	1.499995416403E+01	2.950434915050E-06	1.999998305786E+00
27	1.499995121360E+01	1.499995268882E+01	1.475219956859E-06	1.999996611578E+00
28	1.499995121360E+01	1.499995195121E+01	7.376124777636E-07	1.999993223178E+00
29	1.499995121360E+01	1.499995158241E+01	3.688087382159E-07	1.999986446449E+00
30	1.499995121360E+01	1.499995139800E+01	1.844068684420E-07	1.999972893265E+00
31	1.499995130580E+01	1.499995139800E+01	9.220593355508E-08	1.999945787999E+00
32	1.499995130580E+01	1.499995135190E+01	4.610546611161E-08	1.999891581876E+00
33	1.499995132885E+01	1.499995135190E+01	2.305523238988E-08	1.999783187258E+00
34	1.499995134037E+01	1.499995135190E+01	1.153011552901E-08	1.999566468512E+00
35	1.499995134037E+01	1.499995134614E+01	5.767557098579E-09	1.999133312760E+00
36	1.499995134037E+01	1.499995134326E+01	2.886277883363E-09	1.998268126512E+00
37	1.499995134181E+01	1.499995134326E+01	1.445638275754E-09	1.996542241424E+00
38	1.499995134181E+01	1.499995134254E+01	7.253184719502E-10	1.993108312639E+00
39	1.499995134218E+01	1.499995134254E+01	3.651585700482E-10	1.986310965821E+00
40	1.499995134236E+01	1.499995134254E+01	1.850786190971E-10	1.972991649870E+00
41	1.499995134245E+01	1.499995134254E+01	9.503864362159E-11	1.947403835371E+00
42	1.499995134249E+01	1.499995134254E+01	5.001865588383E-11	1.900063924995E+00
43	1.499995134251E+01	1.499995134254E+01	2.750866201495E-11	1.818287485471E+00
44	1.499995134251E+01	1.499995134253E+01	1.625366508051E-11	1.692459016393E+00
45	1.499995134252E+01	1.499995134253E+01	1.062616661329E-11	1.529588766299E+00
46	1.499995134252E+01	1.499995134253E+01	7.812417379682E-12	1.360163710778E+00
Result:	14.9999513425250086
Iter:	46
Error:	3.244E-06

eps = 1.0E-12
Итерация	a			b		Длина отрезка		Отношение длин
1	2.000000000000E+00	1.010000000000E+02	9.900000000000E+01	2.000000000000E+00
2	2.000000000000E+00	5.150000000000E+01	4.950000000000E+01	2.000000000000E+00
3	2.000000000000E+00	2.675000000000E+01	2.475000000000E+01	2.000000000000E+00
4	1.437500000000E+01	2.675000000000E+01	1.237500000000E+01	2.000000000000E+00
5	1.437500000000E+01	2.056250000000E+01	6.187500000000E+00	2.000000000000E+00
6	1.437500000000E+01	1.746875000000E+01	3.093750000000E+00	2.000000000000E+00
7	1.437500000000E+01	1.592187500000E+01	1.546875000000E+00	2.000000000000E+00
8	1.437500000000E+01	1.514843750000E+01	7.734375000005E-01	1.999999999999E+00
9	1.476171875000E+01	1.514843750000E+01	3.867187500005E-01	1.999999999999E+00
10	1.495507812500E+01	1.514843750000E+01	1.933593750005E-01	1.999999999997E+00
11	1.495507812500E+01	1.505175781250E+01	9.667968750050E-02	1.999999999995E+00
12	1.495507812500E+01	1.500341796875E+01	4.833984375050E-02	1.999999999990E+00
13	1.497924804687E+01	1.500341796875E+01	2.416992187550E-02	1.999999999979E+00
14	1.499133300781E+01	1.500341796875E+01	1.208496093800E-02	1.999999999959E+00
15	1.499737548828E+01	1.500341796875E+01	6.042480469251E-03	1.999999999917E+00
16	1.499737548828E+01	1.500039672852E+01	3.021240234876E-03	1.999999999834E+00
17	1.499888610840E+01	1.500039672852E+01	1.510620117688E-03	1.999999999668E+00
18	1.499888610840E+01	1.499964141846E+01	7.553100590947E-04	1.999999999337E+00
19	1.499926376343E+01	1.499964141846E+01	3.776550297978E-04	1.999999998674E+00
20	1.499945259094E+01	1.499964141846E+01	1.888275151494E-04	1.999999997347E+00
21	1.499945259094E+01	1.499954700470E+01	9.441375782515E-05	1.999999994694E+00
22	1.499949979782E+01	1.499954700470E+01	4.720687916304E-05	1.999999989389E+00
23	1.499952340126E+01	1.499954700470E+01	2.360343983199E-05	1.999999978777E+00
24	1.499952340126E+01	1.499953520298E+01	1.180172016646E-05	1.999999957554E+00
25	1.499952340126E+01	1.499952930212E+01	5.900860333696E-06	1.999999915109E+00
26	1.499952340126E+01	1.499952635169E+01	2.950430417314E-06	1.999999830217E+00
27	1.499952340126E+01	1.499952487648E+01	1.475215459124E-06	1.999999660434E+00
28	1.499952413887E+01	1.499952487648E+01	7.376079800281E-07	1.999999320869E+00
29	1.499952413887E+01	1.499952450767E+01	3.688042404804E-07	1.999998641738E+00
30	1.499952413887E+01	1.499952432327E+01	1.844023707065E-07	1.999997283481E+00
31	1.499952423107E+01	1.499952432327E+01	9.220143581956E-08	1.999994566976E+00
32	1.499952423107E+01	1.499952427717E+01	4.610096837609E-08	1.999989134011E+00
33	1.499952425412E+01	1.499952427717E+01	2.305073465436E-08	1.999978268258E+00
34	1.499952425412E+01	1.499952426564E+01	1.152561779350E-08	1.999956537460E+00
35	1.499952425988E+01	1.499952426564E+01	5.763059363062E-09	1.999913078697E+00
36	1.499952426276E+01	1.499952426564E+01	2.881780147845E-09	1.999826172503E+00
37	1.499952426420E+01	1.499952426564E+01	1.441140540237E-09	1.999652405428E+00
38	1.499952426492E+01	1.499952426564E+01	7.208207364329E-10	1.999305052417E+00
39	1.499952426492E+01	1.499952426528E+01	3.606608345308E-10	1.998611070067E+00
40	1.499952426492E+01	1.499952426510E+01	1.805808835798E-10	1.997225993035E+00
41	1.499952426501E+01	1.499952426510E+01	9.054090810423E-11	1.994467333726E+00
42	1.499952426501E+01	1.499952426506E+01	4.552092036647E-11	1.988995551393E+00
43	1.499952426501E+01	1.499952426504E+01	2.301092649759E-11	1.978230662344E+00
44	1.499952426501E+01	1.499952426503E+01	1.175592956315E-11	1.957388939257E+00
45	1.499952426501E+01	1.499952426502E+01	6.128431095931E-12	1.918260869565E+00
46	1.499952426502E+01	1.499952426502E+01	3.314681862321E-12	1.848874598071E+00
47	1.499952426502E+01	1.499952426502E+01	1.907807245516E-12	1.737430167598E+00
48	1.499952426502E+01	1.499952426502E+01	1.204369937113E-12	1.584070796460E+00
49	1.499952426502E+01	1.499952426502E+01	8.526512829121E-13	1.412500000000E+00
Result:	14.9995242650188256
Iter:	49
Error:	3.172E-05

eps = 1.0E-13
Итерация	a			b		Длина отрезка		Отношение длин
1	2.000000000000E+00	1.010000000000E+02	9.900000000000E+01	2.000000000000E+00
2	2.000000000000E+00	5.150000000000E+01	4.950000000000E+01	2.000000000000E+00
3	2.000000000000E+00	2.675000000000E+01	2.475000000000E+01	2.000000000000E+00
4	1.437500000000E+01	2.675000000000E+01	1.237500000000E+01	2.000000000000E+00
5	1.437500000000E+01	2.056250000000E+01	6.187500000000E+00	2.000000000000E+00
6	1.437500000000E+01	1.746875000000E+01	3.093750000000E+00	2.000000000000E+00
7	1.437500000000E+01	1.592187500000E+01	1.546875000000E+00	2.000000000000E+00
8	1.437500000000E+01	1.514843750000E+01	7.734375000000E-01	2.000000000000E+00
9	1.476171875000E+01	1.514843750000E+01	3.867187500000E-01	2.000000000000E+00
10	1.495507812500E+01	1.514843750000E+01	1.933593750000E-01	2.000000000000E+00
11	1.495507812500E+01	1.505175781250E+01	9.667968750005E-02	1.999999999999E+00
12	1.495507812500E+01	1.500341796875E+01	4.833984375005E-02	1.999999999999E+00
13	1.497924804687E+01	1.500341796875E+01	2.416992187505E-02	1.999999999998E+00
14	1.499133300781E+01	1.500341796875E+01	1.208496093755E-02	1.999999999996E+00
15	1.499133300781E+01	1.499737548828E+01	6.042480468800E-03	1.999999999992E+00
16	1.499435424805E+01	1.499737548828E+01	3.021240234425E-03	1.999999999984E+00
17	1.499435424805E+01	1.499586486816E+01	1.510620117237E-03	1.999999999967E+00
18	1.499510955811E+01	1.499586486816E+01	7.553100586435E-04	1.999999999934E+00
19	1.499510955811E+01	1.499548721313E+01	3.776550293466E-04	1.999999999868E+00
20	1.499510955811E+01	1.499529838562E+01	1.888275146982E-04	1.999999999737E+00
21	1.499510955811E+01	1.499520397186E+01	9.441375737396E-05	1.999999999473E+00
22	1.499515676498E+01	1.499520397186E+01	4.720687871185E-05	1.999999998946E+00
23	1.499518036842E+01	1.499520397186E+01	2.360343938079E-05	1.999999997893E+00
24	1.499519217014E+01	1.499520397186E+01	1.180171971527E-05	1.999999995786E+00
25	1.499519217014E+01	1.499519807100E+01	5.900859882502E-06	1.999999991571E+00
26	1.499519217014E+01	1.499519512057E+01	2.950429966120E-06	1.999999983142E+00
27	1.499519217014E+01	1.499519364536E+01	1.475215007929E-06	1.999999966284E+00
28	1.499519290775E+01	1.499519364536E+01	7.376075288335E-07	1.999999932568E+00
29	1.499519290775E+01	1.499519327655E+01	3.688037892857E-07	1.999999865137E+00
30	1.499519309215E+01	1.499519327655E+01	1.844019195119E-07	1.999999730274E+00
31	1.499519309215E+01	1.499519318435E+01	9.220098462492E-08	1.999999460548E+00
32	1.499519313825E+01	1.499519318435E+01	4.610051718146E-08	1.999998921097E+00
33	1.499519313825E+01	1.499519316130E+01	2.305028345972E-08	1.999997842196E+00
34	1.499519314978E+01	1.499519316130E+01	1.152516659886E-08	1.999995684402E+00
35	1.499519315554E+01	1.499519316130E+01	5.762608168425E-09	1.999991368840E+00
36	1.499519315842E+01	1.499519316130E+01	2.881328953208E-09	1.999982737830E+00
37	1.499519315986E+01	1.499519316130E+01	1.440689345600E-09	1.999965476255E+00
38	1.499519315986E+01	1.499519316058E+01	7.203695417957E-10	1.999930954894E+00
39	1.499519316022E+01	1.499519316058E+01	3.602096398936E-10	1.999861919321E+00
40	1.499519316022E+01	1.499519316040E+01	1.801296889425E-10	1.999723876770E+00
41	1.499519316031E+01	1.499519316040E+01	9.008971346702E-11	1.999447905986E+00
42	1.499519316036E+01	1.499519316040E+01	4.506972572926E-11	1.998896421252E+00
43	1.499519316036E+01	1.499519316038E+01	2.255973186038E-11	1.997795275591E+00
44	1.499519316037E+01	1.499519316038E+01	1.130473492594E-11	1.995600251414E+00
45	1.499519316037E+01	1.499519316038E+01	5.677236458723E-12	1.991239048811E+00
46	1.499519316038E+01	1.499519316038E+01	2.863487225113E-12	1.982630272953E+00
47	1.499519316038E+01	1.499519316038E+01	1.456612608308E-12	1.965853658537E+00
48	1.499519316038E+01	1.499519316038E+01	7.531752999057E-13	1.933962264151E+00
49	1.499519316038E+01	1.499519316038E+01	4.014566457045E-13	1.876106194690E+00
50	1.499519316038E+01	1.499519316038E+01	2.255973186038E-13	1.779527559055E+00
51	1.499519316038E+01	1.499519316038E+01	1.367794766338E-13	1.649350649351E+00
52	1.499519316038E+01	1.499519316038E+01	9.237055564881E-14	1.480769230769E+00
Result:	14.9951931603784203
Iter:	52
Error:	3.205E-04

eps = 1.0E-14
Итерация	a			b		Длина отрезка		Отношение длин
1	2.000000000000E+00	1.010000000000E+02	9.900000000000E+01	2.000000000000E+00
2	2.000000000000E+00	5.150000000000E+01	4.950000000000E+01	2.000000000000E+00
3	2.000000000000E+00	2.675000000000E+01	2.475000000000E+01	2.000000000000E+00
4	1.437500000000E+01	2.675000000000E+01	1.237500000000E+01	2.000000000000E+00
5	1.437500000000E+01	2.056250000000E+01	6.187500000000E+00	2.000000000000E+00
6	1.437500000000E+01	1.746875000000E+01	3.093750000000E+00	2.000000000000E+00
7	1.437500000000E+01	1.592187500000E+01	1.546875000000E+00	2.000000000000E+00
8	1.437500000000E+01	1.514843750000E+01	7.734375000000E-01	2.000000000000E+00
9	1.476171875000E+01	1.514843750000E+01	3.867187500000E-01	2.000000000000E+00
10	1.476171875000E+01	1.495507812500E+01	1.933593750000E-01	2.000000000000E+00
11	1.485839843750E+01	1.495507812500E+01	9.667968750000E-02	2.000000000000E+00
12	1.490673828125E+01	1.495507812500E+01	4.833984375000E-02	2.000000000000E+00
13	1.493090820312E+01	1.495507812500E+01	2.416992187500E-02	2.000000000000E+00
14	1.493090820312E+01	1.494299316406E+01	1.208496093750E-02	2.000000000000E+00
15	1.493695068359E+01	1.494299316406E+01	6.042480468754E-03	1.999999999999E+00
16	1.493695068359E+01	1.493997192383E+01	3.021240234379E-03	1.999999999999E+00
17	1.493695068359E+01	1.493846130371E+01	1.510620117191E-03	1.999999999998E+00
18	1.493695068359E+01	1.493770599365E+01	7.553100585973E-04	1.999999999995E+00
19	1.493732833862E+01	1.493770599365E+01	3.776550293004E-04	1.999999999991E+00
20	1.493732833862E+01	1.493751716614E+01	1.888275146520E-04	1.999999999981E+00
21	1.493742275238E+01	1.493751716614E+01	9.441375732777E-05	1.999999999962E+00
22	1.493742275238E+01	1.493746995926E+01	4.720687866566E-05	1.999999999925E+00
23	1.493742275238E+01	1.493744635582E+01	2.360343933461E-05	1.999999999849E+00
24	1.493743455410E+01	1.493744635582E+01	1.180171966908E-05	1.999999999699E+00
25	1.493743455410E+01	1.493744045496E+01	5.900859836316E-06	1.999999999398E+00
26	1.493743750453E+01	1.493744045496E+01	2.950429919935E-06	1.999999998796E+00
27	1.493743750453E+01	1.493743897974E+01	1.475214961744E-06	1.999999997592E+00
28	1.493743750453E+01	1.493743824214E+01	7.376074826482E-07	1.999999995183E+00
29	1.493743750453E+01	1.493743787333E+01	3.688037431004E-07	1.999999990367E+00
30	1.493743768893E+01	1.493743787333E+01	1.844018733266E-07	1.999999980734E+00
31	1.493743778113E+01	1.493743787333E+01	9.220093843965E-08	1.999999961468E+00
32	1.493743778113E+01	1.493743782723E+01	4.610047099618E-08	1.999999922935E+00
33	1.493743780418E+01	1.493743782723E+01	2.305023727445E-08	1.999999845871E+00
34	1.493743781571E+01	1.493743782723E+01	1.152512041358E-08	1.999999691742E+00
35	1.493743782147E+01	1.493743782723E+01	5.762561983147E-09	1.999999383484E+00
36	1.493743782147E+01	1.493743782435E+01	2.881282767930E-09	1.999998766968E+00
37	1.493743782147E+01	1.493743782291E+01	1.440643160322E-09	1.999997533939E+00
38	1.493743782147E+01	1.493743782219E+01	7.203233565178E-10	1.999995067890E+00
39	1.493743782147E+01	1.493743782183E+01	3.601634546158E-10	1.999990135830E+00
40	1.493743782165E+01	1.493743782183E+01	1.800835036647E-10	1.999980271854E+00
41	1.493743782165E+01	1.493743782174E+01	9.004352818920E-11	1.999960544486E+00
42	1.493743782165E+01	1.493743782170E+01	4.502354045144E-11	1.999921092086E+00
43	1.493743782167E+01	1.493743782170E+01	2.251354658256E-11	1.999842196623E+00
44	1.493743782168E+01	1.493743782170E+01	1.125854964812E-11	1.999684443042E+00
45	1.493743782168E+01	1.493743782169E+01	5.631051180899E-12	1.999369085174E+00
46	1.493743782169E+01	1.493743782169E+01	2.817301947289E-12	1.998738965952E+00
47	1.493743782169E+01	1.493743782169E+01	1.410427330484E-12	1.997481108312E+00
48	1.493743782169E+01	1.493743782169E+01	7.069900220813E-13	1.994974874372E+00
49	1.493743782169E+01	1.493743782169E+01	3.552713678801E-13	1.990000000000E+00
50	1.493743782169E+01	1.493743782169E+01	1.794120407794E-13	1.980198019802E+00
51	1.493743782169E+01	1.493743782169E+01	9.237055564881E-14	1.942307692308E+00
52	1.493743782169E+01	1.493743782169E+01	4.796163466381E-14	1.925925925926E+00
53	1.493743782169E+01	1.493743782169E+01	2.664535259100E-14	1.800000000000E+00
54	1.493743782169E+01	1.493743782169E+01	1.421085471520E-14	1.875000000000E+00
55	1.493743782169E+01	1.493743782169E+01	8.881784197001E-15	1.600000000000E+00
Result:	14.9374378216875634
Iter:	55
Error:	4.171E-03

