eps = 1.0E-01
Итерация	a			b		Длина отрезка		Отношение длин
1	2.000000000000E+00	1.243707430341E+02	1.223707430341E+02	1.618033813400E+00
2	2.000000000000E+00	7.762925696594E+01	7.562925696594E+01	1.618034447822E+00
3	2.000000000000E+00	4.874148606811E+01	4.674148606811E+01	1.618032786885E+00
4	2.000000000000E+00	3.088777089783E+01	2.888777089783E+01	1.618037135279E+00
5	2.000000000000E+00	1.985371517028E+01	1.785371517028E+01	1.618025751073E+00
6	8.819659442724E+00	1.985371517028E+01	1.103405572755E+01	1.618055555556E+00
7	1.303405572755E+01	1.985371517028E+01	6.819659442724E+00	1.617977528090E+00
8	1.303405572755E+01	1.724845201238E+01	4.214396284830E+00	1.618181818182E+00
9	1.303405572755E+01	1.563931888545E+01	2.605263157895E+00	1.617647058824E+00
10	1.403018575851E+01	1.563931888545E+01	1.609133126935E+00	1.619047619048E+00
11	1.464318885449E+01	1.563931888545E+01	9.961300309597E-01	1.615384615385E+00
12	1.464318885449E+01	1.525619195046E+01	6.130030959752E-01	1.625000000000E+00
13	1.487306501548E+01	1.525619195046E+01	3.831269349845E-01	1.600000000000E+00
14	1.487306501548E+01	1.510294117647E+01	2.298761609907E-01	1.666666666667E+00
15	1.494969040248E+01	1.510294117647E+01	1.532507739938E-01	1.500000000000E+00
Result:	14.9880030959752251
Iter:	15
Error:	7.998E-04

eps = 1.0E-02
Итерация	a			b		Длина отрезка		Отношение длин
1	2.000000000000E+00	1.243707296647E+02	1.223707296647E+02	1.618033990176E+00
2	2.000000000000E+00	7.762927033535E+01	7.562927033535E+01	1.618033985017E+00
3	2.000000000000E+00	4.874145932931E+01	4.674145932931E+01	1.618033998522E+00
4	2.000000000000E+00	3.088781100604E+01	2.888781100604E+01	1.618033963167E+00
5	2.000000000000E+00	1.985364832327E+01	1.785364832327E+01	1.618034055728E+00
6	8.819485640507E+00	1.985364832327E+01	1.103416268277E+01	1.618033813400E+00
7	1.303416268277E+01	1.985364832327E+01	6.819485640507E+00	1.618034447822E+00
8	1.303416268277E+01	1.724883972502E+01	4.214677042258E+00	1.618032786885E+00
9	1.303416268277E+01	1.563897128101E+01	2.604808598248E+00	1.618037135279E+00
10	1.402910283700E+01	1.563897128101E+01	1.609868444010E+00	1.618025751073E+00
11	1.464403112678E+01	1.563897128101E+01	9.949401542381E-01	1.618055555556E+00
12	1.464403112678E+01	1.525895941655E+01	6.149282897721E-01	1.617977528090E+00
13	1.487894755208E+01	1.525895941655E+01	3.800118644659E-01	1.618181818182E+00
14	1.487894755208E+01	1.511386397739E+01	2.349164253062E-01	1.617647058824E+00
15	1.496876853823E+01	1.511386397739E+01	1.450954391597E-01	1.619047619048E+00
16	1.496876853823E+01	1.505858952437E+01	8.982098614649E-02	1.615384615385E+00
17	1.496876853823E+01	1.502404299124E+01	5.527445301322E-02	1.625000000000E+00
18	1.498949645811E+01	1.502404299124E+01	3.454653313326E-02	1.600000000000E+00
19	1.498949645811E+01	1.501022437799E+01	2.072791987996E-02	1.666666666667E+00
20	1.499640576473E+01	1.501022437799E+01	1.381861325330E-02	1.500000000000E+00
Result:	14.9998604180479447
Iter:	20
Error:	9.305E-06

eps = 1.0E-03
Итерация	a			b		Длина отрезка		Отношение длин
1	2.000000000000E+00	1.243707297734E+02	1.223707297734E+02	1.618033988738E+00
2	2.000000000000E+00	7.762927022664E+01	7.562927022664E+01	1.618033988780E+00
3	2.000000000000E+00	4.874145954671E+01	4.674145954671E+01	1.618033988670E+00
4	2.000000000000E+00	3.088781067993E+01	2.888781067993E+01	1.618033988958E+00
5	2.000000000000E+00	1.985364886678E+01	1.785364886678E+01	1.618033988205E+00
6	8.819487053626E+00	1.985364886678E+01	1.103416181315E+01	1.618033990176E+00
7	1.303416181315E+01	1.985364886678E+01	6.819487053626E+00	1.618033985017E+00
8	1.303416181315E+01	1.724883657268E+01	4.214674759527E+00	1.618033998522E+00
9	1.303416181315E+01	1.563897410725E+01	2.604812294099E+00	1.618033963167E+00
10	1.402911164182E+01	1.563897410725E+01	1.609862465428E+00	1.618034055728E+00
11	1.464402427858E+01	1.563897410725E+01	9.949498286718E-01	1.618033813400E+00
12	1.464402427858E+01	1.525893691534E+01	6.149126367558E-01	1.618034447822E+00
13	1.487889972342E+01	1.525893691534E+01	3.800371919159E-01	1.618032786885E+00
14	1.487889972342E+01	1.511377516826E+01	2.348754448399E-01	1.618037135279E+00
15	1.496861342118E+01	1.511377516826E+01	1.451617470761E-01	1.618025751073E+00
16	1.496861342118E+01	1.505832711895E+01	8.971369776377E-02	1.618055555556E+00
17	1.496861342118E+01	1.502406147050E+01	5.544804931233E-02	1.617977528090E+00
18	1.498979582205E+01	1.502406147050E+01	3.426564845144E-02	1.618181818182E+00
19	1.498979582205E+01	1.501097822291E+01	2.118240086089E-02	1.617647058823E+00
20	1.498979582205E+01	1.500287906964E+01	1.308324759055E-02	1.619047619048E+00
21	1.499477991637E+01	1.500287906964E+01	8.099153270340E-03	1.615384615385E+00
22	1.499789497532E+01	1.500287906964E+01	4.984094320209E-03	1.625000000000E+00
23	1.499789497532E+01	1.500101003427E+01	3.115058950131E-03	1.600000000000E+00
24	1.499914099890E+01	1.500101003427E+01	1.869035370079E-03	1.666666666666E+00
25	1.499914099890E+01	1.500038702248E+01	1.246023580054E-03	1.499999999999E+00
Result:	14.9994525047905789
Iter:	25
Error:	3.650E-05

eps = 1.0E-04
Итерация	a			b		Длина отрезка		Отношение длин
1	2.000000000000E+00	1.243707297725E+02	1.223707297725E+02	1.618033988750E+00
2	2.000000000000E+00	7.762927022750E+01	7.562927022750E+01	1.618033988751E+00
3	2.000000000000E+00	4.874145954500E+01	4.674145954500E+01	1.618033988748E+00
4	2.000000000000E+00	3.088781068251E+01	2.888781068251E+01	1.618033988754E+00
5	2.000000000000E+00	1.985364886249E+01	1.785364886249E+01	1.618033988738E+00
6	8.819487042472E+00	1.985364886249E+01	1.103416182002E+01	1.618033988780E+00
7	1.303416182002E+01	1.985364886249E+01	6.819487042472E+00	1.618033988670E+00
8	1.303416182002E+01	1.724883659756E+01	4.214674777545E+00	1.618033988958E+00
9	1.303416182002E+01	1.563897408494E+01	2.604812264927E+00	1.618033988205E+00
10	1.402911157233E+01	1.563897408494E+01	1.609862512619E+00	1.618033990176E+00
11	1.464402433264E+01	1.563897408494E+01	9.949497523079E-01	1.618033985017E+00
12	1.464402433264E+01	1.525893709295E+01	6.149127603109E-01	1.618033998522E+00
13	1.487890010095E+01	1.525893709295E+01	3.800369919970E-01	1.618033963167E+00
14	1.487890010095E+01	1.511377586926E+01	2.348757683139E-01	1.618034055728E+00
15	1.496861464558E+01	1.511377586926E+01	1.451612236831E-01	1.618033813400E+00
16	1.496861464558E+01	1.505832919021E+01	8.971454463072E-02	1.618034447822E+00
17	1.496861464558E+01	1.502406132463E+01	5.544667905242E-02	1.618032786885E+00
18	1.498979345905E+01	1.502406132463E+01	3.426786557830E-02	1.618037135278E+00
19	1.498979345905E+01	1.501097227253E+01	2.117881347412E-02	1.618025751073E+00
20	1.498979345905E+01	1.500288251116E+01	1.308905210418E-02	1.618055555556E+00
21	1.499479274979E+01	1.500288251116E+01	8.089761369943E-03	1.617977528090E+00
22	1.499788322042E+01	1.500288251116E+01	4.999290734235E-03	1.618181818182E+00
23	1.499788322042E+01	1.500097369106E+01	3.090470635708E-03	1.617647058824E+00
24	1.499906487096E+01	1.500097369106E+01	1.908820098526E-03	1.619047619047E+00
25	1.499906487096E+01	1.500024652150E+01	1.181650537182E-03	1.615384615386E+00
26	1.499951935194E+01	1.500024652150E+01	7.271695613422E-04	1.625000000002E+00
27	1.499979204052E+01	1.500024652150E+01	4.544809758382E-04	1.600000000002E+00
28	1.499979204052E+01	1.500006472911E+01	2.726885855022E-04	1.666666666671E+00
29	1.499988293672E+01	1.500006472911E+01	1.817923903342E-04	1.500000000005E+00
Result:	14.9999283848159237
Iter:	29
Error:	4.774E-06

eps = 1.0E-05
Итерация	a			b		Длина отрезка		Отношение длин
1	2.000000000000E+00	1.243707297725E+02	1.223707297725E+02	1.618033988750E+00
2	2.000000000000E+00	7.762927022752E+01	7.562927022752E+01	1.618033988750E+00
3	2.000000000000E+00	4.874145954496E+01	4.674145954496E+01	1.618033988750E+00
4	2.000000000000E+00	3.088781068256E+01	2.888781068256E+01	1.618033988750E+00
5	2.000000000000E+00	1.985364886240E+01	1.785364886240E+01	1.618033988750E+00
6	8.819487042227E+00	1.985364886240E+01	1.103416182017E+01	1.618033988750E+00
7	1.303416182017E+01	1.985364886240E+01	6.819487042227E+00	1.618033988751E+00
8	1.303416182017E+01	1.724883659811E+01	4.214674777940E+00	1.618033988748E+00
9	1.303416182017E+01	1.563897408445E+01	2.604812264287E+00	1.618033988754E+00
10	1.402911157080E+01	1.563897408445E+01	1.609862513653E+00	1.618033988738E+00
11	1.464402433382E+01	1.563897408445E+01	9.949497506335E-01	1.618033988780E+00
12	1.464402433382E+01	1.525893709684E+01	6.149127630199E-01	1.618033988670E+00
13	1.487890010923E+01	1.525893709684E+01	3.800369876136E-01	1.618033988958E+00
14	1.487890010923E+01	1.511377588463E+01	2.348757754064E-01	1.618033988205E+00
15	1.496861467243E+01	1.511377588463E+01	1.451612122072E-01	1.618033990176E+00
16	1.496861467243E+01	1.505832923563E+01	8.971456319915E-02	1.618033985017E+00
17	1.496861467243E+01	1.502406132143E+01	5.544664900806E-02	1.618033998522E+00
18	1.498979340724E+01	1.502406132143E+01	3.426791419109E-02	1.618033963167E+00
19	1.498979340724E+01	1.501097214206E+01	2.117873481698E-02	1.618034055727E+00
20	1.498979340724E+01	1.500288258662E+01	1.308917937411E-02	1.618033813400E+00
21	1.499479303117E+01	1.500288258662E+01	8.089555442861E-03	1.618034447822E+00
22	1.499788296269E+01	1.500288258662E+01	4.999623931251E-03	1.618032786885E+00
23	1.499788296269E+01	1.500097289420E+01	3.089931511610E-03	1.618037135278E+00
24	1.499906320178E+01	1.500097289420E+01	1.909692419643E-03	1.618025751073E+00
25	1.499906320178E+01	1.500024344087E+01	1.180239091967E-03	1.618055555557E+00
26	1.499951398754E+01	1.500024344087E+01	7.294533276738E-04	1.617977528091E+00
27	1.499979265511E+01	1.500024344087E+01	4.507857642935E-04	1.618181818179E+00
28	1.499979265511E+01	1.500007132267E+01	2.786675633821E-04	1.617647058819E+00
29	1.499989920447E+01	1.500007132267E+01	1.721182009131E-04	1.619047619042E+00
30	1.499996477331E+01	1.500007132267E+01	1.065493624690E-04	1.615384615400E+00
31	1.499996477331E+01	1.500003034215E+01	6.556883844233E-05	1.625000000003E+00
32	1.499998936162E+01	1.500003034215E+01	4.098052402668E-05	1.599999999991E+00
33	1.499998936162E+01	1.500001394994E+01	2.458831441565E-05	1.666666666691E+00
34	1.499998936162E+01	1.500000575383E+01	1.639220961103E-05	1.499999999946E+00
Result:	14.9999934596739450
Iter:	34
Error:	4.360E-07

eps = 1.0E-06
Итерация	a			b		Длина отрезка		Отношение длин
1	2.000000000000E+00	1.243707297725E+02	1.223707297725E+02	1.618033988750E+00
2	2.000000000000E+00	7.762927022752E+01	7.562927022752E+01	1.618033988750E+00
3	2.000000000000E+00	4.874145954496E+01	4.674145954496E+01	1.618033988750E+00
4	2.000000000000E+00	3.088781068256E+01	2.888781068256E+01	1.618033988750E+00
5	2.000000000000E+00	1.985364886240E+01	1.785364886240E+01	1.618033988750E+00
6	8.819487042229E+00	1.985364886240E+01	1.103416182017E+01	1.618033988750E+00
7	1.303416182017E+01	1.985364886240E+01	6.819487042229E+00	1.618033988750E+00
8	1.303416182017E+01	1.724883659810E+01	4.214674777937E+00	1.618033988750E+00
9	1.303416182017E+01	1.563897408446E+01	2.604812264292E+00	1.618033988750E+00
10	1.402911157081E+01	1.563897408446E+01	1.609862513645E+00	1.618033988750E+00
11	1.464402433381E+01	1.563897408446E+01	9.949497506471E-01	1.618033988750E+00
12	1.464402433381E+01	1.525893709681E+01	6.149127629979E-01	1.618033988751E+00
13	1.487890010916E+01	1.525893709681E+01	3.800369876492E-01	1.618033988748E+00
14	1.487890010916E+01	1.511377588451E+01	2.348757753487E-01	1.618033988754E+00
15	1.496861467221E+01	1.511377588451E+01	1.451612123005E-01	1.618033988738E+00
16	1.496861467221E+01	1.505832923526E+01	8.971456304818E-02	1.618033988780E+00
17	1.496861467221E+01	1.502406132146E+01	5.544664925234E-02	1.618033988670E+00
18	1.498979340766E+01	1.502406132146E+01	3.426791379584E-02	1.618033988958E+00
19	1.498979340766E+01	1.501097214312E+01	2.117873545651E-02	1.618033988205E+00
20	1.498979340766E+01	1.500288258600E+01	1.308917833933E-02	1.618033990176E+00
21	1.499479302889E+01	1.500288258600E+01	8.089557117176E-03	1.618033985017E+00
22	1.499788296478E+01	1.500288258600E+01	4.999621222154E-03	1.618033998522E+00
23	1.499788296478E+01	1.500097290068E+01	3.089935895023E-03	1.618033963166E+00
24	1.499906321535E+01	1.500097290068E+01	1.909685327131E-03	1.618034055728E+00
25	1.499906321535E+01	1.500024346592E+01	1.180250567890E-03	1.618033813401E+00
26	1.499951403116E+01	1.500024346592E+01	7.294347592399E-04	1.618034447823E+00
27	1.499979265011E+01	1.500024346592E+01	4.508158086480E-04	1.618032786888E+00
28	1.499979265011E+01	1.500007126906E+01	2.786189505901E-04	1.618037135282E+00
29	1.499989907220E+01	1.500007126906E+01	1.721968580561E-04	1.618025751081E+00
30	1.499996484697E+01	1.500007126906E+01	1.064220925340E-04	1.618055555534E+00
31	1.499996484697E+01	1.500003062173E+01	6.577476552394E-05	1.617977528103E+00
32	1.499998997441E+01	1.500003062173E+01	4.064732701003E-05	1.618181818148E+00
33	1.499998997441E+01	1.500001510184E+01	2.512743851568E-05	1.617647058799E+00
34	1.499998997441E+01	1.500000549429E+01	1.551988849613E-05	1.619047618928E+00
35	1.499999588674E+01	1.500000549429E+01	9.607550021329E-06	1.615384615399E+00
36	1.499999588674E+01	1.500000179908E+01	5.912338474801E-06	1.624999999962E+00
37	1.499999810387E+01	1.500000179908E+01	3.695211546528E-06	1.600000000096E+00
38	1.499999958196E+01	1.500000179908E+01	2.217126928272E-06	1.666666666400E+00
39	1.499999958196E+01	1.500000106004E+01	1.478084618256E-06	1.500000000601E+00
Result:	14.9999999514770188
Iter:	39
Error:	3.235E-09

eps = 1.0E-07
Итерация	a			b		Длина отрезка		Отношение длин
1	2.000000000000E+00	1.243707297725E+02	1.223707297725E+02	1.618033988750E+00
2	2.000000000000E+00	7.762927022752E+01	7.562927022752E+01	1.618033988750E+00
3	2.000000000000E+00	4.874145954496E+01	4.674145954496E+01	1.618033988750E+00
4	2.000000000000E+00	3.088781068256E+01	2.888781068256E+01	1.618033988750E+00
5	2.000000000000E+00	1.985364886240E+01	1.785364886240E+01	1.618033988750E+00
6	8.819487042229E+00	1.985364886240E+01	1.103416182017E+01	1.618033988750E+00
7	1.303416182017E+01	1.985364886240E+01	6.819487042229E+00	1.618033988750E+00
8	1.303416182017E+01	1.724883659810E+01	4.214674777937E+00	1.618033988750E+00
9	1.303416182017E+01	1.563897408446E+01	2.604812264292E+00	1.618033988750E+00
10	1.402911157081E+01	1.563897408446E+01	1.609862513645E+00	1.618033988750E+00
11	1.464402433381E+01	1.563897408446E+01	9.949497506470E-01	1.618033988750E+00
12	1.464402433381E+01	1.525893709681E+01	6.149127629981E-01	1.618033988750E+00
13	1.487890010916E+01	1.525893709681E+01	3.800369876489E-01	1.618033988750E+00
14	1.487890010916E+01	1.511377588451E+01	2.348757753492E-01	1.618033988750E+00
15	1.496861467221E+01	1.511377588451E+01	1.451612122998E-01	1.618033988750E+00
16	1.496861467221E+01	1.505832923526E+01	8.971456304941E-02	1.618033988750E+00
17	1.496861467221E+01	1.502406132146E+01	5.544664925036E-02	1.618033988751E+00
18	1.498979340766E+01	1.502406132146E+01	3.426791379905E-02	1.618033988748E+00
19	1.498979340766E+01	1.501097214311E+01	2.117873545131E-02	1.618033988754E+00
20	1.498979340766E+01	1.500288258601E+01	1.308917834774E-02	1.618033988738E+00
21	1.499479302891E+01	1.500288258601E+01	8.089557103563E-03	1.618033988780E+00
22	1.499788296477E+01	1.500288258601E+01	4.999621244179E-03	1.618033988671E+00
23	1.499788296477E+01	1.500097290062E+01	3.089935859382E-03	1.618033988958E+00
24	1.499906321524E+01	1.500097290062E+01	1.909685384797E-03	1.618033988206E+00
25	1.499906321524E+01	1.500024346571E+01	1.180250474583E-03	1.618033990177E+00
26	1.499951403080E+01	1.500024346571E+01	7.294349102125E-04	1.618033985019E+00
27	1.499979265015E+01	1.500024346571E+01	4.508155643705E-04	1.618033998518E+00
28	1.499979265015E+01	1.500007126950E+01	2.786193458437E-04	1.618033963167E+00
29	1.499989907328E+01	1.500007126950E+01	1.721962185268E-04	1.618034055727E+00
30	1.499996484637E+01	1.500007126950E+01	1.064231273169E-04	1.618033813403E+00
31	1.499996484637E+01	1.500003061946E+01	6.577309120992E-05	1.618034447815E+00
32	1.499998996942E+01	1.500003061946E+01	4.065003610698E-05	1.618032786904E+00
33	1.499998996942E+01	1.500001509248E+01	2.512305510294E-05	1.618037135230E+00
34	1.499998996942E+01	1.500000549640E+01	1.552698100404E-05	1.618025751200E+00
35	1.499999590033E+01	1.500000549640E+01	9.596074097118E-06	1.618055555522E+00
36	1.499999590033E+01	1.500000183124E+01	5.930906906926E-06	1.617977528177E+00
37	1.499999816607E+01	1.500000183124E+01	3.665167190192E-06	1.618181817953E+00
38	1.499999956550E+01	1.500000183124E+01	2.265739716734E-06	1.617647059423E+00
39	1.499999956550E+01	1.500000096493E+01	1.399427471682E-06	1.619047619531E+00
40	1.499999956550E+01	1.500000043181E+01	8.663122432750E-07	1.615384617435E+00
41	1.499999989869E+01	1.500000043181E+01	5.331152266308E-07	1.625000000000E+00
42	1.499999989869E+01	1.500000023189E+01	3.331970166442E-07	1.600000000000E+00
43	1.499999989869E+01	1.500000009861E+01	1.999182099865E-07	1.666666666667E+00
44	1.499999989869E+01	1.500000003197E+01	1.332788066577E-07	1.500000000000E+00
Result:	14.9999999320143402
Iter:	44
Error:	4.532E-09

eps = 1.0E-08
Итерация	a			b		Длина отрезка		Отношение длин
1	2.000000000000E+00	1.243707297725E+02	1.223707297725E+02	1.618033988750E+00
2	2.000000000000E+00	7.762927022752E+01	7.562927022752E+01	1.618033988750E+00
3	2.000000000000E+00	4.874145954496E+01	4.674145954496E+01	1.618033988750E+00
4	2.000000000000E+00	3.088781068256E+01	2.888781068256E+01	1.618033988750E+00
5	2.000000000000E+00	1.985364886240E+01	1.785364886240E+01	1.618033988750E+00
6	8.819487042229E+00	1.985364886240E+01	1.103416182017E+01	1.618033988750E+00
7	1.303416182017E+01	1.985364886240E+01	6.819487042229E+00	1.618033988750E+00
8	1.303416182017E+01	1.724883659810E+01	4.214674777937E+00	1.618033988750E+00
9	1.303416182017E+01	1.563897408446E+01	2.604812264292E+00	1.618033988750E+00
10	1.402911157081E+01	1.563897408446E+01	1.609862513645E+00	1.618033988750E+00
11	1.464402433381E+01	1.563897408446E+01	9.949497506470E-01	1.618033988750E+00
12	1.464402433381E+01	1.525893709681E+01	6.149127629981E-01	1.618033988750E+00
13	1.487890010916E+01	1.525893709681E+01	3.800369876489E-01	1.618033988750E+00
14	1.487890010916E+01	1.511377588451E+01	2.348757753492E-01	1.618033988750E+00
15	1.496861467221E+01	1.511377588451E+01	1.451612122998E-01	1.618033988750E+00
16	1.496861467221E+01	1.505832923526E+01	8.971456304940E-02	1.618033988750E+00
17	1.496861467221E+01	1.502406132146E+01	5.544664925037E-02	1.618033988750E+00
18	1.498979340766E+01	1.502406132146E+01	3.426791379902E-02	1.618033988750E+00
19	1.498979340766E+01	1.501097214311E+01	2.117873545135E-02	1.618033988750E+00
20	1.498979340766E+01	1.500288258601E+01	1.308917834768E-02	1.618033988750E+00
21	1.499479302891E+01	1.500288258601E+01	8.089557103670E-03	1.618033988751E+00
22	1.499788296477E+01	1.500288258601E+01	4.999621244007E-03	1.618033988748E+00
23	1.499788296477E+01	1.500097290062E+01	3.089935859665E-03	1.618033988754E+00
24	1.499906321524E+01	1.500097290062E+01	1.909685384344E-03	1.618033988738E+00
25	1.499906321524E+01	1.500024346572E+01	1.180250475322E-03	1.618033988780E+00
26	1.499951403081E+01	1.500024346572E+01	7.294349090223E-04	1.618033988672E+00
27	1.499979265015E+01	1.500024346572E+01	4.508155662979E-04	1.618033988960E+00
28	1.499979265015E+01	1.500007126949E+01	2.786193427227E-04	1.618033988210E+00
29	1.499989907327E+01	1.500007126949E+01	1.721962235735E-04	1.618033990181E+00
30	1.499996484637E+01	1.500007126949E+01	1.064231191492E-04	1.618033985003E+00
31	1.499996484637E+01	1.500003061948E+01	6.577310442601E-05	1.618033998516E+00
32	1.499998996946E+01	1.500003061948E+01	4.065001472320E-05	1.618033963183E+00
33	1.499998996946E+01	1.500001509255E+01	2.512308970282E-05	1.618034055685E+00
34	1.499998996946E+01	1.500000549639E+01	1.552692502038E-05	1.618033813510E+00
35	1.499999590022E+01	1.500000549639E+01	9.596164680659E-06	1.618034447833E+00
36	1.499999590022E+01	1.500000183098E+01	5.930760339723E-06	1.618032786856E+00
37	1.499999816558E+01	1.500000183098E+01	3.665404340936E-06	1.618037135354E+00
38	1.499999956563E+01	1.500000183098E+01	2.265355998787E-06	1.618025750874E+00
39	1.499999956563E+01	1.500000096568E+01	1.400048342148E-06	1.618055556075E+00
40	1.499999956563E+01	1.500000043094E+01	8.653076566389E-07	1.617977526729E+00
41	1.499999989619E+01	1.500000043094E+01	5.347406872858E-07	1.618181816370E+00
42	1.499999989619E+01	1.500000022676E+01	3.305669711295E-07	1.617647054872E+00
43	1.499999989619E+01	1.500000010037E+01	2.041737161562E-07	1.619047629405E+00
44	1.499999989619E+01	1.500000002259E+01	1.263932531970E-07	1.615384611060E+00
45	1.499999994481E+01	1.500000002259E+01	7.778046295925E-08	1.625000011419E+00
46	1.499999997397E+01	1.500000002259E+01	4.861279023771E-08	1.599999970767E+00
47	1.499999997397E+01	1.500000000314E+01	2.916767449790E-08	1.666666646366E+00
48	1.499999997397E+01	1.499999999342E+01	1.944511751617E-08	1.499999908648E+00
Result:	14.9999999788362448
Iter:	48
Error:	1.411E-09

eps = 1.0E-09
Итерация	a			b		Длина отрезка		Отношение длин
1	2.000000000000E+00	1.243707297725E+02	1.223707297725E+02	1.618033988750E+00
2	2.000000000000E+00	7.762927022752E+01	7.562927022752E+01	1.618033988750E+00
3	2.000000000000E+00	4.874145954496E+01	4.674145954496E+01	1.618033988750E+00
4	2.000000000000E+00	3.088781068256E+01	2.888781068256E+01	1.618033988750E+00
5	2.000000000000E+00	1.985364886240E+01	1.785364886240E+01	1.618033988750E+00
6	8.819487042229E+00	1.985364886240E+01	1.103416182017E+01	1.618033988750E+00
7	1.303416182017E+01	1.985364886240E+01	6.819487042229E+00	1.618033988750E+00
8	1.303416182017E+01	1.724883659810E+01	4.214674777937E+00	1.618033988750E+00
9	1.303416182017E+01	1.563897408446E+01	2.604812264292E+00	1.618033988750E+00
10	1.402911157081E+01	1.563897408446E+01	1.609862513645E+00	1.618033988750E+00
11	1.464402433381E+01	1.563897408446E+01	9.949497506470E-01	1.618033988750E+00
12	1.464402433381E+01	1.525893709681E+01	6.149127629981E-01	1.618033988750E+00
13	1.487890010916E+01	1.525893709681E+01	3.800369876489E-01	1.618033988750E+00
14	1.487890010916E+01	1.511377588451E+01	2.348757753492E-01	1.618033988750E+00
15	1.496861467221E+01	1.511377588451E+01	1.451612122998E-01	1.618033988750E+00
16	1.496861467221E+01	1.505832923526E+01	8.971456304939E-02	1.618033988750E+00
17	1.496861467221E+01	1.502406132146E+01	5.544664925037E-02	1.618033988750E+00
18	1.498979340766E+01	1.502406132146E+01	3.426791379902E-02	1.618033988750E+00
19	1.498979340766E+01	1.501097214311E+01	2.117873545135E-02	1.618033988750E+00
20	1.498979340766E+01	1.500288258601E+01	1.308917834768E-02	1.618033988750E+00
21	1.499479302891E+01	1.500288258601E+01	8.089557103672E-03	1.618033988750E+00
22	1.499788296477E+01	1.500288258601E+01	4.999621244002E-03	1.618033988750E+00
23	1.499788296477E+01	1.500097290062E+01	3.089935859670E-03	1.618033988750E+00
24	1.499906321524E+01	1.500097290062E+01	1.909685384334E-03	1.618033988749E+00
25	1.499906321524E+01	1.500024346572E+01	1.180250475338E-03	1.618033988749E+00
26	1.499951403081E+01	1.500024346572E+01	7.294349089975E-04	1.618033988749E+00
27	1.499979265015E+01	1.500024346572E+01	4.508155663423E-04	1.618033988746E+00
28	1.499979265015E+01	1.500007126949E+01	2.786193426569E-04	1.618033988751E+00
29	1.499989907327E+01	1.500007126949E+01	1.721962236871E-04	1.618033988731E+00
30	1.499996484637E+01	1.500007126949E+01	1.064231189698E-04	1.618033988799E+00
31	1.499996484637E+01	1.500003061948E+01	6.577310471556E-05	1.618033988665E+00
32	1.499998996946E+01	1.500003061948E+01	4.065001425424E-05	1.618033988972E+00
33	1.499998996946E+01	1.500001509255E+01	2.512309046132E-05	1.618033988168E+00
34	1.499998996946E+01	1.500000549639E+01	1.552692379292E-05	1.618033990273E+00
35	1.499999590022E+01	1.500000549639E+01	9.596166666626E-06	1.618033985062E+00
36	1.499999590022E+01	1.500000183098E+01	5.930757126293E-06	1.618033998405E+00
37	1.499999816557E+01	1.500000183098E+01	3.665409540332E-06	1.618033963472E+00
38	1.499999956563E+01	1.500000183098E+01	2.265347585961E-06	1.618034054927E+00
39	1.499999956563E+01	1.500000096569E+01	1.400061956147E-06	1.618033813443E+00
40	1.499999956563E+01	1.500000043092E+01	8.652856298141E-07	1.618034447709E+00
41	1.499999989614E+01	1.500000043092E+01	5.347763263330E-07	1.618032787179E+00
42	1.499999989614E+01	1.500000022665E+01	3.305093034811E-07	1.618037134509E+00
43	1.499999989614E+01	1.500000010041E+01	2.042670228519E-07	1.618025753088E+00
44	1.499999989614E+01	1.500000002238E+01	1.262422806292E-07	1.618055550279E+00
45	1.499999994436E+01	1.500000002238E+01	7.802474222274E-08	1.617977541903E+00
46	1.499999997416E+01	1.500000002238E+01	4.821753840645E-08	1.618181782011E+00
47	1.499999997416E+01	1.500000000397E+01	2.980720559265E-08	1.617647057071E+00
48	1.499999997416E+01	1.499999999257E+01	1.841033281380E-08	1.619047623642E+00
49	1.499999997416E+01	1.499999998556E+01	1.139687277885E-08	1.615384603395E+00
50	1.499999997855E+01	1.499999998556E+01	7.013460034955E-09	1.625000031660E+00
51	1.499999997855E+01	1.499999998293E+01	4.383412743891E-09	1.599999918951E+00
52	1.499999997855E+01	1.499999998118E+01	2.630047291063E-09	1.666666891803E+00
53	1.499999997855E+01	1.499999998030E+01	1.753365452828E-09	1.499999493444E+00
Result:	14.9999999789861853
Iter:	53
Error:	1.401E-09

eps = 1.0E-10
Итерация	a			b		Длина отрезка		Отношение длин
1	2.000000000000E+00	1.243707297725E+02	1.223707297725E+02	1.618033988750E+00
2	2.000000000000E+00	7.762927022752E+01	7.562927022752E+01	1.618033988750E+00
3	2.000000000000E+00	4.874145954496E+01	4.674145954496E+01	1.618033988750E+00
4	2.000000000000E+00	3.088781068256E+01	2.888781068256E+01	1.618033988750E+00
5	2.000000000000E+00	1.985364886240E+01	1.785364886240E+01	1.618033988750E+00
6	8.819487042229E+00	1.985364886240E+01	1.103416182017E+01	1.618033988750E+00
7	1.303416182017E+01	1.985364886240E+01	6.819487042229E+00	1.618033988750E+00
8	1.303416182017E+01	1.724883659810E+01	4.214674777937E+00	1.618033988750E+00
9	1.303416182017E+01	1.563897408446E+01	2.604812264292E+00	1.618033988750E+00
10	1.402911157081E+01	1.563897408446E+01	1.609862513645E+00	1.618033988750E+00
11	1.464402433381E+01	1.563897408446E+01	9.949497506470E-01	1.618033988750E+00
12	1.464402433381E+01	1.525893709681E+01	6.149127629981E-01	1.618033988750E+00
13	1.487890010916E+01	1.525893709681E+01	3.800369876489E-01	1.618033988750E+00
14	1.487890010916E+01	1.511377588451E+01	2.348757753492E-01	1.618033988750E+00
15	1.496861467221E+01	1.511377588451E+01	1.451612122998E-01	1.618033988750E+00
16	1.496861467221E+01	1.505832923526E+01	8.971456304939E-02	1.618033988750E+00
17	1.496861467221E+01	1.502406132146E+01	5.544664925037E-02	1.618033988750E+00
18	1.498979340766E+01	1.502406132146E+01	3.426791379902E-02	1.618033988750E+00
19	1.498979340766E+01	1.501097214311E+01	2.117873545135E-02	1.618033988750E+00
20	1.498979340766E+01	1.500288258601E+01	1.308917834768E-02	1.618033988750E+00
21	1.499479302891E+01	1.500288258601E+01	8.089557103672E-03	1.618033988750E+00
22	1.499788296477E+01	1.500288258601E+01	4.999621244002E-03	1.618033988750E+00
23	1.499788296477E+01	1.500097290062E+01	3.089935859670E-03	1.618033988750E+00
24	1.499906321524E+01	1.500097290062E+01	1.909685384334E-03	1.618033988749E+00
25	1.499906321524E+01	1.500024346572E+01	1.180250475338E-03	1.618033988749E+00
26	1.499951403081E+01	1.500024346572E+01	7.294349089975E-04	1.618033988749E+00
27	1.499979265015E+01	1.500024346572E+01	4.508155663423E-04	1.618033988746E+00
28	1.499979265015E+01	1.500007126949E+01	2.786193426569E-04	1.618033988751E+00
29	1.499989907327E+01	1.500007126949E+01	1.721962236854E-04	1.618033988748E+00
30	1.499996484637E+01	1.500007126949E+01	1.064231189716E-04	1.618033988755E+00
31	1.499996484637E+01	1.500003061948E+01	6.577310471378E-05	1.618033988736E+00
32	1.499998996946E+01	1.500003061948E+01	4.065001425957E-05	1.618033988716E+00
33	1.499998996946E+01	1.500001509255E+01	2.512309045599E-05	1.618033988723E+00
34	1.499998996946E+01	1.500000549639E+01	1.552692380358E-05	1.618033988819E+00
35	1.499999590022E+01	1.500000549639E+01	9.596166650638E-06	1.618033988868E+00
36	1.499999590022E+01	1.500000183098E+01	5.930757152939E-06	1.618033988440E+00
37	1.499999816557E+01	1.500000183098E+01	3.665409499476E-06	1.618033988777E+00
38	1.499999956563E+01	1.500000183098E+01	2.265347653463E-06	1.618033988678E+00
39	1.499999956563E+01	1.500000096569E+01	1.400061844237E-06	1.618033990990E+00
40	1.499999956563E+01	1.500000043092E+01	8.652858074498E-07	1.618033986207E+00
41	1.499999989614E+01	1.500000043092E+01	5.347760350105E-07	1.618034000781E+00
42	1.499999989614E+01	1.500000022665E+01	3.305097706630E-07	1.618033965948E+00
43	1.499999989614E+01	1.500000010041E+01	2.042662643476E-07	1.618034048445E+00
44	1.499999989614E+01	1.500000002238E+01	1.262435080918E-07	1.618033809700E+00
45	1.499999994436E+01	1.500000002238E+01	7.802275625579E-08	1.618034457510E+00
46	1.499999997416E+01	1.500000002238E+01	4.822075183597E-08	1.618032761521E+00
47	1.499999997416E+01	1.500000000396E+01	2.980200619618E-08	1.618037105239E+00
48	1.499999997416E+01	1.499999999258E+01	1.841874741615E-08	1.618025673670E+00
49	1.499999997416E+01	1.499999998555E+01	1.138325878003E-08	1.618055758204E+00
50	1.499999997851E+01	1.499999998555E+01	7.035486859763E-09	1.617977406103E+00
51	1.499999997851E+01	1.499999998286E+01	4.347771920266E-09	1.618182137607E+00
52	1.499999997851E+01	1.499999998120E+01	2.687714939498E-09	1.617646222958E+00
53	1.499999997851E+01	1.499999998017E+01	1.660058757125E-09	1.619048077643E+00
54	1.499999997851E+01	1.499999997954E+01	1.027656182373E-09	1.615383418695E+00
55	1.499999997891E+01	1.499999997954E+01	6.324043511086E-10	1.624998595553E+00
56	1.499999997891E+01	1.499999997930E+01	3.952536076213E-10	1.599996404624E+00
57	1.499999997891E+01	1.499999997914E+01	2.371507434873E-10	1.666676653883E+00
58	1.499999997891E+01	1.499999997906E+01	1.581010877771E-10	1.499994382212E+00
Result:	14.9999999789454410
Iter:	58
Error:	1.404E-09

eps = 1.0E-11
Итерация	a			b		Длина отрезка		Отношение длин
1	2.000000000000E+00	1.243707297725E+02	1.223707297725E+02	1.618033988750E+00
2	2.000000000000E+00	7.762927022752E+01	7.562927022752E+01	1.618033988750E+00
3	2.000000000000E+00	4.874145954496E+01	4.674145954496E+01	1.618033988750E+00
4	2.000000000000E+00	3.088781068256E+01	2.888781068256E+01	1.618033988750E+00
5	2.000000000000E+00	1.985364886240E+01	1.785364886240E+01	1.618033988750E+00
6	8.819487042229E+00	1.985364886240E+01	1.103416182017E+01	1.618033988750E+00
7	1.303416182017E+01	1.985364886240E+01	6.819487042229E+00	1.618033988750E+00
8	1.303416182017E+01	1.724883659810E+01	4.214674777937E+00	1.618033988750E+00
9	1.303416182017E+01	1.563897408446E+01	2.604812264292E+00	1.618033988750E+00
10	1.402911157081E+01	1.563897408446E+01	1.609862513645E+00	1.618033988750E+00
11	1.464402433381E+01	1.563897408446E+01	9.949497506470E-01	1.618033988750E+00
12	1.464402433381E+01	1.525893709681E+01	6.149127629981E-01	1.618033988750E+00
13	1.487890010916E+01	1.525893709681E+01	3.800369876489E-01	1.618033988750E+00
14	1.487890010916E+01	1.511377588451E+01	2.348757753492E-01	1.618033988750E+00
15	1.496861467221E+01	1.511377588451E+01	1.451612122998E-01	1.618033988750E+00
16	1.496861467221E+01	1.505832923526E+01	8.971456304939E-02	1.618033988750E+00
17	1.496861467221E+01	1.502406132146E+01	5.544664925037E-02	1.618033988750E+00
18	1.498979340766E+01	1.502406132146E+01	3.426791379902E-02	1.618033988750E+00
19	1.498979340766E+01	1.501097214311E+01	2.117873545135E-02	1.618033988750E+00
20	1.498979340766E+01	1.500288258601E+01	1.308917834768E-02	1.618033988750E+00
21	1.499479302891E+01	1.500288258601E+01	8.089557103672E-03	1.618033988750E+00
22	1.499788296477E+01	1.500288258601E+01	4.999621244002E-03	1.618033988750E+00
23	1.499788296477E+01	1.500097290062E+01	3.089935859670E-03	1.618033988750E+00
24	1.499906321524E+01	1.500097290062E+01	1.909685384334E-03	1.618033988749E+00
25	1.499906321524E+01	1.500024346572E+01	1.180250475338E-03	1.618033988749E+00
26	1.499951403081E+01	1.500024346572E+01	7.294349089975E-04	1.618033988749E+00
27	1.499979265015E+01	1.500024346572E+01	4.508155663423E-04	1.618033988746E+00
28	1.499979265015E+01	1.500007126949E+01	2.786193426569E-04	1.618033988751E+00
29	1.499989907327E+01	1.500007126949E+01	1.721962236854E-04	1.618033988748E+00
30	1.499996484637E+01	1.500007126949E+01	1.064231189716E-04	1.618033988755E+00
31	1.499996484637E+01	1.500003061948E+01	6.577310471378E-05	1.618033988736E+00
32	1.499998996946E+01	1.500003061948E+01	4.065001425957E-05	1.618033988716E+00
33	1.499998996946E+01	1.500001509255E+01	2.512309045599E-05	1.618033988723E+00
34	1.499998996946E+01	1.500000549639E+01	1.552692380358E-05	1.618033988819E+00
35	1.499999590022E+01	1.500000549639E+01	9.596166650638E-06	1.618033988868E+00
36	1.499999590022E+01	1.500000183098E+01	5.930757151162E-06	1.618033988925E+00
37	1.499999816557E+01	1.500000183098E+01	3.665409497700E-06	1.618033989077E+00
38	1.499999956563E+01	1.500000183098E+01	2.265347651687E-06	1.618033989163E+00
39	1.499999956563E+01	1.500000096569E+01	1.400061844237E-06	1.618033989721E+00
40	1.499999956563E+01	1.500000043092E+01	8.652858056735E-07	1.618033989529E+00
41	1.499999989614E+01	1.500000043092E+01	5.347760385632E-07	1.618033986710E+00
42	1.499999989614E+01	1.500000022665E+01	3.305097688866E-07	1.618033985394E+00
43	1.499999989614E+01	1.500000010041E+01	2.042662714530E-07	1.618033983465E+00
44	1.499999989614E+01	1.500000002238E+01	1.262434974336E-07	1.618034002586E+00
45	1.499999994436E+01	1.500000002238E+01	7.802277224300E-08	1.618033989364E+00
46	1.499999997416E+01	1.500000002238E+01	4.822072519062E-08	1.618033987141E+00
47	1.499999997416E+01	1.500000000396E+01	2.980204705239E-08	1.618033992962E+00
48	1.499999997416E+01	1.499999999258E+01	1.841867813823E-08	1.618033977722E+00
49	1.499999997416E+01	1.499999998555E+01	1.138336891415E-08	1.618034017621E+00
50	1.499999997851E+01	1.499999998555E+01	7.035307447723E-09	1.618034321704E+00
51	1.499999997851E+01	1.499999998286E+01	4.348061466430E-09	1.618033117066E+00
52	1.499999997851E+01	1.499999998120E+01	2.687245981292E-09	1.618036270851E+00
53	1.499999997851E+01	1.499999998017E+01	1.660817261495E-09	1.618026283562E+00
54	1.499999997851E+01	1.499999997954E+01	1.026428719797E-09	1.618054161446E+00
55	1.499999997890E+01	1.499999997954E+01	6.343903180550E-10	1.617976647159E+00
56	1.499999997890E+01	1.499999997930E+01	3.920384017420E-10	1.618184124913E+00
57	1.499999997890E+01	1.499999997915E+01	2.423501399562E-10	1.617652879478E+00
58	1.499999997890E+01	1.499999997905E+01	1.496882617857E-10	1.619032361423E+00
59	1.499999997890E+01	1.499999997900E+01	9.266365452731E-11	1.615393463050E+00
60	1.499999997890E+01	1.499999997896E+01	5.702460725843E-11	1.624976636970E+00
61	1.499999997892E+01	1.499999997896E+01	3.564082362573E-11	1.599980063796E+00
62	1.499999997892E+01	1.499999997895E+01	2.138378363270E-11	1.666722046852E+00
63	1.499999997892E+01	1.499999997894E+01	1.425526363619E-11	1.500062305296E+00
Result:	14.9999999789279457
Iter:	63
Error:	1.405E-09

eps = 1.0E-12
Итерация	a			b		Длина отрезка		Отношение длин
1	2.000000000000E+00	1.243707297725E+02	1.223707297725E+02	1.618033988750E+00
2	2.000000000000E+00	7.762927022752E+01	7.562927022752E+01	1.618033988750E+00
3	2.000000000000E+00	4.874145954496E+01	4.674145954496E+01	1.618033988750E+00
4	2.000000000000E+00	3.088781068256E+01	2.888781068256E+01	1.618033988750E+00
5	2.000000000000E+00	1.985364886240E+01	1.785364886240E+01	1.618033988750E+00
6	8.819487042229E+00	1.985364886240E+01	1.103416182017E+01	1.618033988750E+00
7	1.303416182017E+01	1.985364886240E+01	6.819487042229E+00	1.618033988750E+00
8	1.303416182017E+01	1.724883659810E+01	4.214674777937E+00	1.618033988750E+00
9	1.303416182017E+01	1.563897408446E+01	2.604812264292E+00	1.618033988750E+00
10	1.402911157081E+01	1.563897408446E+01	1.609862513645E+00	1.618033988750E+00
11	1.464402433381E+01	1.563897408446E+01	9.949497506470E-01	1.618033988750E+00
12	1.464402433381E+01	1.525893709681E+01	6.149127629981E-01	1.618033988750E+00
13	1.487890010916E+01	1.525893709681E+01	3.800369876489E-01	1.618033988750E+00
14	1.487890010916E+01	1.511377588451E+01	2.348757753492E-01	1.618033988750E+00
15	1.496861467221E+01	1.511377588451E+01	1.451612122998E-01	1.618033988750E+00
16	1.496861467221E+01	1.505832923526E+01	8.971456304939E-02	1.618033988750E+00
17	1.496861467221E+01	1.502406132146E+01	5.544664925037E-02	1.618033988750E+00
18	1.498979340766E+01	1.502406132146E+01	3.426791379902E-02	1.618033988750E+00
19	1.498979340766E+01	1.501097214311E+01	2.117873545135E-02	1.618033988750E+00
20	1.498979340766E+01	1.500288258601E+01	1.308917834768E-02	1.618033988750E+00
21	1.499479302891E+01	1.500288258601E+01	8.089557103673E-03	1.618033988750E+00
22	1.499788296477E+01	1.500288258601E+01	4.999621244004E-03	1.618033988750E+00
23	1.499788296477E+01	1.500097290062E+01	3.089935859670E-03	1.618033988750E+00
24	1.499906321524E+01	1.500097290062E+01	1.909685384334E-03	1.618033988749E+00
25	1.499906321524E+01	1.500024346572E+01	1.180250475338E-03	1.618033988749E+00
26	1.499951403081E+01	1.500024346572E+01	7.294349089975E-04	1.618033988749E+00
27	1.499979265015E+01	1.500024346572E+01	4.508155663405E-04	1.618033988752E+00
28	1.499979265015E+01	1.500007126949E+01	2.786193426552E-04	1.618033988755E+00
29	1.499989907327E+01	1.500007126949E+01	1.721962236836E-04	1.618033988754E+00
30	1.499996484637E+01	1.500007126949E+01	1.064231189716E-04	1.618033988739E+00
31	1.499996484637E+01	1.500003061948E+01	6.577310471378E-05	1.618033988736E+00
32	1.499998996946E+01	1.500003061948E+01	4.065001425957E-05	1.618033988716E+00
33	1.499998996946E+01	1.500001509255E+01	2.512309045599E-05	1.618033988723E+00
34	1.499998996946E+01	1.500000549639E+01	1.552692380535E-05	1.618033988634E+00
35	1.499999590022E+01	1.500000549639E+01	9.596166652415E-06	1.618033988754E+00
36	1.499999590022E+01	1.500000183098E+01	5.930757152939E-06	1.618033988739E+00
37	1.499999816557E+01	1.500000183098E+01	3.665409499476E-06	1.618033988777E+00
38	1.499999956563E+01	1.500000183098E+01	2.265347653463E-06	1.618033988678E+00
39	1.499999956563E+01	1.500000096569E+01	1.400061846013E-06	1.618033988937E+00
40	1.499999956563E+01	1.500000043092E+01	8.652858074498E-07	1.618033988260E+00
41	1.499999989614E+01	1.500000043092E+01	5.347760385632E-07	1.618033990032E+00
42	1.499999989614E+01	1.500000022665E+01	3.305097688866E-07	1.618033985394E+00
43	1.499999989614E+01	1.500000010041E+01	2.042662696766E-07	1.618033997536E+00
44	1.499999989614E+01	1.500000002238E+01	1.262434974336E-07	1.618033988515E+00
45	1.499999994436E+01	1.500000002238E+01	7.802277224300E-08	1.618033989364E+00
46	1.499999997416E+01	1.500000002238E+01	4.822072519062E-08	1.618033987141E+00
47	1.499999997416E+01	1.500000000396E+01	2.980204705239E-08	1.618033992962E+00
48	1.499999997416E+01	1.499999999258E+01	1.841867813823E-08	1.618033977722E+00
49	1.499999997416E+01	1.499999998555E+01	1.138336891415E-08	1.618034017621E+00
50	1.499999997851E+01	1.499999998555E+01	7.035309224079E-09	1.618033913164E+00
51	1.499999997851E+01	1.499999998286E+01	4.348059690074E-09	1.618034186637E+00
52	1.499999997851E+01	1.499999998120E+01	2.687249534006E-09	1.618033470674E+00
53	1.499999997851E+01	1.499999998017E+01	1.660810156068E-09	1.618035345092E+00
54	1.499999997851E+01	1.499999997954E+01	1.026437601581E-09	1.618033237977E+00
55	1.499999997890E+01	1.499999997954E+01	6.343725544866E-10	1.618035954301E+00
56	1.499999997890E+01	1.499999997930E+01	3.920632707377E-10	1.618036173837E+00
57	1.499999997890E+01	1.499999997915E+01	2.423075073921E-10	1.618040129905E+00
58	1.499999997890E+01	1.499999997905E+01	1.497557633456E-10	1.618017911156E+00
59	1.499999997890E+01	1.499999997900E+01	9.255174404643E-11	1.618076081532E+00
60	1.499999997890E+01	1.499999997896E+01	5.720224294237E-11	1.617974038880E+00
61	1.499999997892E+01	1.499999997896E+01	3.534950110406E-11	1.618190954774E+00
62	1.499999997892E+01	1.499999997895E+01	2.185274183830E-11	1.617623150707E+00
63	1.499999997892E+01	1.499999997894E+01	1.349675926576E-11	1.619110292182E+00
64	1.499999997892E+01	1.499999997893E+01	8.355982572539E-12	1.615221088435E+00
65	1.499999997892E+01	1.499999997893E+01	5.140776693224E-12	1.625431928127E+00
66	1.499999997892E+01	1.499999997893E+01	3.213429522475E-12	1.599778883361E+00
67	1.499999997893E+01	1.499999997893E+01	1.927347170749E-12	1.667281105991E+00
68	1.499999997893E+01	1.499999997893E+01	1.284305994886E-12	1.500691562932E+00
Result:	14.9999999789264891
Iter:	68
Error:	1.405E-09

eps = 1.0E-13
Итерация	a			b		Длина отрезка		Отношение длин
1	2.000000000000E+00	1.243707297725E+02	1.223707297725E+02	1.618033988750E+00
2	2.000000000000E+00	7.762927022752E+01	7.562927022752E+01	1.618033988750E+00
3	2.000000000000E+00	4.874145954496E+01	4.674145954496E+01	1.618033988750E+00
4	2.000000000000E+00	3.088781068256E+01	2.888781068256E+01	1.618033988750E+00
5	2.000000000000E+00	1.985364886240E+01	1.785364886240E+01	1.618033988750E+00
6	8.819487042229E+00	1.985364886240E+01	1.103416182017E+01	1.618033988750E+00
7	1.303416182017E+01	1.985364886240E+01	6.819487042229E+00	1.618033988750E+00
8	1.303416182017E+01	1.724883659810E+01	4.214674777937E+00	1.618033988750E+00
9	1.303416182017E+01	1.563897408446E+01	2.604812264292E+00	1.618033988750E+00
10	1.402911157081E+01	1.563897408446E+01	1.609862513645E+00	1.618033988750E+00
11	1.464402433381E+01	1.563897408446E+01	9.949497506470E-01	1.618033988750E+00
12	1.464402433381E+01	1.525893709681E+01	6.149127629981E-01	1.618033988750E+00
13	1.487890010916E+01	1.525893709681E+01	3.800369876489E-01	1.618033988750E+00
14	1.487890010916E+01	1.511377588451E+01	2.348757753492E-01	1.618033988750E+00
15	1.496861467221E+01	1.511377588451E+01	1.451612122998E-01	1.618033988750E+00
16	1.496861467221E+01	1.505832923526E+01	8.971456304939E-02	1.618033988750E+00
17	1.496861467221E+01	1.502406132146E+01	5.544664925037E-02	1.618033988750E+00
18	1.498979340766E+01	1.502406132146E+01	3.426791379902E-02	1.618033988750E+00
19	1.498979340766E+01	1.501097214311E+01	2.117873545135E-02	1.618033988750E+00
20	1.498979340766E+01	1.500288258601E+01	1.308917834768E-02	1.618033988750E+00
21	1.499479302891E+01	1.500288258601E+01	8.089557103673E-03	1.618033988750E+00
22	1.499788296477E+01	1.500288258601E+01	4.999621244004E-03	1.618033988750E+00
23	1.499788296477E+01	1.500097290062E+01	3.089935859670E-03	1.618033988750E+00
24	1.499906321524E+01	1.500097290062E+01	1.909685384334E-03	1.618033988749E+00
25	1.499906321524E+01	1.500024346572E+01	1.180250475338E-03	1.618033988749E+00
26	1.499951403081E+01	1.500024346572E+01	7.294349089975E-04	1.618033988749E+00
27	1.499979265015E+01	1.500024346572E+01	4.508155663405E-04	1.618033988752E+00
28	1.499979265015E+01	1.500007126949E+01	2.786193426552E-04	1.618033988755E+00
29	1.499989907327E+01	1.500007126949E+01	1.721962236836E-04	1.618033988754E+00
30	1.499996484637E+01	1.500007126949E+01	1.064231189716E-04	1.618033988739E+00
31	1.499996484637E+01	1.500003061948E+01	6.577310471378E-05	1.618033988736E+00
32	1.499998996946E+01	1.500003061948E+01	4.065001425957E-05	1.618033988716E+00
33	1.499998996946E+01	1.500001509255E+01	2.512309045599E-05	1.618033988723E+00
34	1.499998996946E+01	1.500000549639E+01	1.552692380535E-05	1.618033988634E+00
35	1.499999590022E+01	1.500000549639E+01	9.596166652415E-06	1.618033988754E+00
36	1.499999590022E+01	1.500000183098E+01	5.930757152939E-06	1.618033988739E+00
37	1.499999816557E+01	1.500000183098E+01	3.665409499476E-06	1.618033988777E+00
38	1.499999956563E+01	1.500000183098E+01	2.265347653463E-06	1.618033988678E+00
39	1.499999956563E+01	1.500000096569E+01	1.400061846013E-06	1.618033988937E+00
40	1.499999956563E+01	1.500000043092E+01	8.652858074498E-07	1.618033988260E+00
41	1.499999989614E+01	1.500000043092E+01	5.347760385632E-07	1.618033990032E+00
42	1.499999989614E+01	1.500000022665E+01	3.305097688866E-07	1.618033985394E+00
43	1.499999989614E+01	1.500000010041E+01	2.042662696766E-07	1.618033997536E+00
44	1.499999989614E+01	1.500000002238E+01	1.262434974336E-07	1.618033988515E+00
45	1.499999994436E+01	1.500000002238E+01	7.802277224300E-08	1.618033989364E+00
46	1.499999997416E+01	1.500000002238E+01	4.822072519062E-08	1.618033987141E+00
47	1.499999997416E+01	1.500000000396E+01	2.980204705239E-08	1.618033992962E+00
48	1.499999997416E+01	1.499999999258E+01	1.841867813823E-08	1.618033977722E+00
49	1.499999997416E+01	1.499999998555E+01	1.138336891415E-08	1.618034017621E+00
50	1.499999997851E+01	1.499999998555E+01	7.035309224079E-09	1.618033913164E+00
51	1.499999997851E+01	1.499999998286E+01	4.348059690074E-09	1.618034186637E+00
52	1.499999997851E+01	1.499999998120E+01	2.687249534006E-09	1.618033470674E+00
53	1.499999997851E+01	1.499999998017E+01	1.660810156068E-09	1.618035345092E+00
54	1.499999997851E+01	1.499999997954E+01	1.026437601581E-09	1.618033237977E+00
55	1.499999997890E+01	1.499999997954E+01	6.343725544866E-10	1.618035954301E+00
56	1.499999997890E+01	1.499999997930E+01	3.920632707377E-10	1.618036173837E+00
57	1.499999997890E+01	1.499999997915E+01	2.423075073921E-10	1.618040129905E+00
58	1.499999997890E+01	1.499999997905E+01	1.497539869888E-10	1.618037103815E+00
59	1.499999997890E+01	1.499999997900E+01	9.255352040327E-11	1.618025833445E+00
60	1.499999997890E+01	1.499999997896E+01	5.720046658553E-11	1.618055339896E+00
61	1.499999997892E+01	1.499999997896E+01	3.535127746090E-11	1.618059394000E+00
62	1.499999997892E+01	1.499999997895E+01	2.184918912462E-11	1.617967479675E+00
63	1.499999997892E+01	1.499999997894E+01	1.350386469312E-11	1.617995264404E+00
64	1.499999997892E+01	1.499999997893E+01	8.345324431502E-12	1.618135376756E+00
65	1.499999997892E+01	1.499999997893E+01	5.158540261618E-12	1.617768595041E+00
66	1.499999997892E+01	1.499999997893E+01	3.188560526723E-12	1.617827298050E+00
67	1.499999997893E+01	1.499999997893E+01	1.969979734895E-12	1.618575293057E+00
68	1.499999997893E+01	1.499999997893E+01	1.220357148668E-12	1.614264919942E+00
69	1.499999997893E+01	1.499999997893E+01	7.513989430663E-13	1.624113475177E+00
70	1.499999997893E+01	1.499999997893E+01	4.689582056017E-13	1.602272727273E+00
71	1.499999997893E+01	1.499999997893E+01	2.824407374646E-13	1.660377358491E+00
72	1.499999997893E+01	1.499999997893E+01	1.882938249764E-13	1.500000000000E+00
Result:	14.9999999789266099
Iter:	72
Error:	1.405E-09

eps = 1.0E-14
Итерация	a			b		Длина отрезка		Отношение длин
1	2.000000000000E+00	1.243707297725E+02	1.223707297725E+02	1.618033988750E+00
2	2.000000000000E+00	7.762927022752E+01	7.562927022752E+01	1.618033988750E+00
3	2.000000000000E+00	4.874145954496E+01	4.674145954496E+01	1.618033988750E+00
4	2.000000000000E+00	3.088781068256E+01	2.888781068256E+01	1.618033988750E+00
5	2.000000000000E+00	1.985364886240E+01	1.785364886240E+01	1.618033988750E+00
6	8.819487042229E+00	1.985364886240E+01	1.103416182017E+01	1.618033988750E+00
7	1.303416182017E+01	1.985364886240E+01	6.819487042229E+00	1.618033988750E+00
8	1.303416182017E+01	1.724883659810E+01	4.214674777937E+00	1.618033988750E+00
9	1.303416182017E+01	1.563897408446E+01	2.604812264292E+00	1.618033988750E+00
10	1.402911157081E+01	1.563897408446E+01	1.609862513645E+00	1.618033988750E+00
11	1.464402433381E+01	1.563897408446E+01	9.949497506470E-01	1.618033988750E+00
12	1.464402433381E+01	1.525893709681E+01	6.149127629981E-01	1.618033988750E+00
13	1.487890010916E+01	1.525893709681E+01	3.800369876489E-01	1.618033988750E+00
14	1.487890010916E+01	1.511377588451E+01	2.348757753492E-01	1.618033988750E+00
15	1.496861467221E+01	1.511377588451E+01	1.451612122998E-01	1.618033988750E+00
16	1.496861467221E+01	1.505832923526E+01	8.971456304939E-02	1.618033988750E+00
17	1.496861467221E+01	1.502406132146E+01	5.544664925037E-02	1.618033988750E+00
18	1.498979340766E+01	1.502406132146E+01	3.426791379902E-02	1.618033988750E+00
19	1.498979340766E+01	1.501097214311E+01	2.117873545135E-02	1.618033988750E+00
20	1.498979340766E+01	1.500288258601E+01	1.308917834768E-02	1.618033988750E+00
21	1.499479302891E+01	1.500288258601E+01	8.089557103672E-03	1.618033988750E+00
22	1.499788296477E+01	1.500288258601E+01	4.999621244002E-03	1.618033988750E+00
23	1.499788296477E+01	1.500097290062E+01	3.089935859670E-03	1.618033988750E+00
24	1.499906321524E+01	1.500097290062E+01	1.909685384334E-03	1.618033988749E+00
25	1.499906321524E+01	1.500024346572E+01	1.180250475338E-03	1.618033988749E+00
26	1.499951403081E+01	1.500024346572E+01	7.294349089975E-04	1.618033988749E+00
27	1.499979265015E+01	1.500024346572E+01	4.508155663423E-04	1.618033988746E+00
28	1.499979265015E+01	1.500007126949E+01	2.786193426569E-04	1.618033988751E+00
29	1.499989907327E+01	1.500007126949E+01	1.721962236854E-04	1.618033988748E+00
30	1.499996484637E+01	1.500007126949E+01	1.064231189716E-04	1.618033988755E+00
31	1.499996484637E+01	1.500003061948E+01	6.577310471378E-05	1.618033988736E+00
32	1.499998996946E+01	1.500003061948E+01	4.065001425957E-05	1.618033988716E+00
33	1.499998996946E+01	1.500001509255E+01	2.512309045599E-05	1.618033988723E+00
34	1.499998996946E+01	1.500000549639E+01	1.552692380358E-05	1.618033988819E+00
35	1.499999590022E+01	1.500000549639E+01	9.596166650638E-06	1.618033988868E+00
36	1.499999590022E+01	1.500000183098E+01	5.930757151162E-06	1.618033988925E+00
37	1.499999816557E+01	1.500000183098E+01	3.665409497700E-06	1.618033989077E+00
38	1.499999956563E+01	1.500000183098E+01	2.265347651687E-06	1.618033989163E+00
39	1.499999956563E+01	1.500000096569E+01	1.400061844237E-06	1.618033989721E+00
40	1.499999956563E+01	1.500000043092E+01	8.652858056735E-07	1.618033989529E+00
41	1.499999989614E+01	1.500000043092E+01	5.347760385632E-07	1.618033986710E+00
42	1.499999989614E+01	1.500000022665E+01	3.305097688866E-07	1.618033985394E+00
43	1.499999989614E+01	1.500000010041E+01	2.042662714530E-07	1.618033983465E+00
44	1.499999989614E+01	1.500000002238E+01	1.262434974336E-07	1.618034002586E+00
45	1.499999994436E+01	1.500000002238E+01	7.802277224300E-08	1.618033989364E+00
46	1.499999997416E+01	1.500000002238E+01	4.822072519062E-08	1.618033987141E+00
47	1.499999997416E+01	1.500000000396E+01	2.980204705239E-08	1.618033992962E+00
48	1.499999997416E+01	1.499999999258E+01	1.841867813823E-08	1.618033977722E+00
49	1.499999997416E+01	1.499999998555E+01	1.138336891415E-08	1.618034017621E+00
50	1.499999997851E+01	1.499999998555E+01	7.035309224079E-09	1.618033913164E+00
51	1.499999997851E+01	1.499999998286E+01	4.348059690074E-09	1.618034186637E+00
52	1.499999997851E+01	1.499999998120E+01	2.687249534006E-09	1.618033470674E+00
53	1.499999997851E+01	1.499999998017E+01	1.660810156068E-09	1.618035345092E+00
54	1.499999997851E+01	1.499999997954E+01	1.026437601581E-09	1.618033237977E+00
55	1.499999997890E+01	1.499999997954E+01	6.343725544866E-10	1.618035954301E+00
56	1.499999997890E+01	1.499999997930E+01	3.920632707377E-10	1.618036173837E+00
57	1.499999997890E+01	1.499999997915E+01	2.423075073921E-10	1.618040129905E+00
58	1.499999997890E+01	1.499999997905E+01	1.497539869888E-10	1.618037103815E+00
59	1.499999997890E+01	1.499999997900E+01	9.255352040327E-11	1.618025833445E+00
60	1.499999997890E+01	1.499999997896E+01	5.720046658553E-11	1.618055339896E+00
61	1.499999997892E+01	1.499999997896E+01	3.535127746090E-11	1.618059394000E+00
62	1.499999997892E+01	1.499999997895E+01	2.184741276778E-11	1.618099032442E+00
63	1.499999997892E+01	1.499999997894E+01	1.350386469312E-11	1.617863720074E+00
64	1.499999997892E+01	1.499999997893E+01	8.345324431502E-12	1.618135376756E+00
65	1.499999997892E+01	1.499999997893E+01	5.158540261618E-12	1.617768595041E+00
66	1.499999997892E+01	1.499999997893E+01	3.186784169884E-12	1.618729096990E+00
67	1.499999997893E+01	1.499999997893E+01	1.969979734895E-12	1.617673579802E+00
68	1.499999997893E+01	1.499999997893E+01	1.216804434989E-12	1.618978102190E+00
69	1.499999997893E+01	1.499999997893E+01	7.513989430663E-13	1.619385342790E+00
70	1.499999997893E+01	1.499999997893E+01	4.636291350835E-13	1.620689655172E+00
71	1.499999997893E+01	1.499999997893E+01	2.877698079828E-13	1.611111111111E+00
72	1.499999997893E+01	1.499999997893E+01	1.776356839400E-13	1.620000000000E+00
73	1.499999997893E+01	1.499999997893E+01	1.101341240428E-13	1.612903225806E+00
74	1.499999997893E+01	1.499999997893E+01	6.750155989721E-14	1.631578947368E+00
75	1.499999997893E+01	1.499999997893E+01	4.263256414561E-14	1.583333333333E+00
76	1.499999997893E+01	1.499999997893E+01	2.486899575160E-14	1.714285714286E+00
77	1.499999997893E+01	1.499999997893E+01	1.598721155460E-14	1.555555555556E+00
Result:	14.9999999789265743
Iter:	77
Error:	1.405E-09

