eps = 1.0E-01
Итерация	a			b		Длина отрезка		Отношение длин
1	2.000000000000E+00	1.243707297725E+02	1.223707297725E+02	1.618033988750E+00
2	2.000000000000E+00	7.762927022752E+01	7.562927022752E+01	1.618033988750E+00
3	2.000000000000E+00	4.874145954496E+01	4.674145954496E+01	1.618033988750E+00
4	2.000000000000E+00	3.088781068256E+01	2.888781068256E+01	1.618033988750E+00
5	2.000000000000E+00	1.985364886240E+01	1.785364886240E+01	1.618033988750E+00
6	8.819487042229E+00	1.985364886240E+01	1.103416182017E+01	1.618033988750E+00
7	1.303416182017E+01	1.985364886240E+01	6.819487042229E+00	1.618033988750E+00
8	1.303416182017E+01	1.724883659810E+01	4.214674777937E+00	1.618033988750E+00
9	1.303416182017E+01	1.563897408446E+01	2.604812264292E+00	1.618033988750E+00
10	1.402911157081E+01	1.563897408446E+01	1.609862513645E+00	1.618033988750E+00
11	1.464402433381E+01	1.563897408446E+01	9.949497506470E-01	1.618033988750E+00
12	1.464402433381E+01	1.525893709681E+01	6.149127629981E-01	1.618033988750E+00
13	1.487890010916E+01	1.525893709681E+01	3.800369876489E-01	1.618033988750E+00
14	1.487890010916E+01	1.511377588451E+01	2.348757753492E-01	1.618033988750E+00
15	1.496861467221E+01	1.511377588451E+01	1.451612122998E-01	1.618033988750E+00
16	1.496861467221E+01	1.505832923526E+01	8.971456304939E-02	1.618033988750E+00
Result:	15.0134719537349124
Iter:	16
Error:	8.981E-04

eps = 1.0E-02
Итерация	a			b		Длина отрезка		Отношение длин
1	2.000000000000E+00	1.243707297725E+02	1.223707297725E+02	1.618033988750E+00
2	2.000000000000E+00	7.762927022752E+01	7.562927022752E+01	1.618033988750E+00
3	2.000000000000E+00	4.874145954496E+01	4.674145954496E+01	1.618033988750E+00
4	2.000000000000E+00	3.088781068256E+01	2.888781068256E+01	1.618033988750E+00
5	2.000000000000E+00	1.985364886240E+01	1.785364886240E+01	1.618033988750E+00
6	8.819487042229E+00	1.985364886240E+01	1.103416182017E+01	1.618033988750E+00
7	1.303416182017E+01	1.985364886240E+01	6.819487042229E+00	1.618033988750E+00
8	1.303416182017E+01	1.724883659810E+01	4.214674777937E+00	1.618033988750E+00
9	1.303416182017E+01	1.563897408446E+01	2.604812264292E+00	1.618033988750E+00
10	1.402911157081E+01	1.563897408446E+01	1.609862513645E+00	1.618033988750E+00
11	1.464402433381E+01	1.563897408446E+01	9.949497506470E-01	1.618033988750E+00
12	1.464402433381E+01	1.525893709681E+01	6.149127629981E-01	1.618033988750E+00
13	1.487890010916E+01	1.525893709681E+01	3.800369876489E-01	1.618033988750E+00
14	1.487890010916E+01	1.511377588451E+01	2.348757753492E-01	1.618033988750E+00
15	1.496861467221E+01	1.511377588451E+01	1.451612122998E-01	1.618033988750E+00
16	1.496861467221E+01	1.505832923526E+01	8.971456304939E-02	1.618033988750E+00
17	1.496861467221E+01	1.502406132146E+01	5.544664925037E-02	1.618033988750E+00
18	1.498979340766E+01	1.502406132146E+01	3.426791379902E-02	1.618033988750E+00
19	1.498979340766E+01	1.501097214311E+01	2.117873545135E-02	1.618033988750E+00
20	1.498979340766E+01	1.500288258601E+01	1.308917834768E-02	1.618033988750E+00
21	1.499479302891E+01	1.500288258601E+01	8.089557103672E-03	1.618033988750E+00
Result:	14.9988378074574022
Iter:	21
Error:	7.748E-05

eps = 1.0E-03
Итерация	a			b		Длина отрезка		Отношение длин
1	2.000000000000E+00	1.243707297725E+02	1.223707297725E+02	1.618033988750E+00
2	2.000000000000E+00	7.762927022752E+01	7.562927022752E+01	1.618033988750E+00
3	2.000000000000E+00	4.874145954496E+01	4.674145954496E+01	1.618033988750E+00
4	2.000000000000E+00	3.088781068256E+01	2.888781068256E+01	1.618033988750E+00
5	2.000000000000E+00	1.985364886240E+01	1.785364886240E+01	1.618033988750E+00
6	8.819487042229E+00	1.985364886240E+01	1.103416182017E+01	1.618033988750E+00
7	1.303416182017E+01	1.985364886240E+01	6.819487042229E+00	1.618033988750E+00
8	1.303416182017E+01	1.724883659810E+01	4.214674777937E+00	1.618033988750E+00
9	1.303416182017E+01	1.563897408446E+01	2.604812264292E+00	1.618033988750E+00
10	1.402911157081E+01	1.563897408446E+01	1.609862513645E+00	1.618033988750E+00
11	1.464402433381E+01	1.563897408446E+01	9.949497506470E-01	1.618033988750E+00
12	1.464402433381E+01	1.525893709681E+01	6.149127629981E-01	1.618033988750E+00
13	1.487890010916E+01	1.525893709681E+01	3.800369876489E-01	1.618033988750E+00
14	1.487890010916E+01	1.511377588451E+01	2.348757753492E-01	1.618033988750E+00
15	1.496861467221E+01	1.511377588451E+01	1.451612122998E-01	1.618033988750E+00
16	1.496861467221E+01	1.505832923526E+01	8.971456304939E-02	1.618033988750E+00
17	1.496861467221E+01	1.502406132146E+01	5.544664925037E-02	1.618033988750E+00
18	1.498979340766E+01	1.502406132146E+01	3.426791379902E-02	1.618033988750E+00
19	1.498979340766E+01	1.501097214311E+01	2.117873545135E-02	1.618033988750E+00
20	1.498979340766E+01	1.500288258601E+01	1.308917834768E-02	1.618033988750E+00
21	1.499479302891E+01	1.500288258601E+01	8.089557103672E-03	1.618033988750E+00
22	1.499788296477E+01	1.500288258601E+01	4.999621244002E-03	1.618033988750E+00
23	1.499788296477E+01	1.500097290062E+01	3.089935859670E-03	1.618033988750E+00
24	1.499906321524E+01	1.500097290062E+01	1.909685384334E-03	1.618033988749E+00
25	1.499906321524E+01	1.500024346572E+01	1.180250475338E-03	1.618033988749E+00
26	1.499951403081E+01	1.500024346572E+01	7.294349089975E-04	1.618033988749E+00
Result:	14.9998787482614127
Iter:	26
Error:	8.083E-06

eps = 1.0E-04
Итерация	a			b		Длина отрезка		Отношение длин
1	2.000000000000E+00	1.243707297725E+02	1.223707297725E+02	1.618033988750E+00
2	2.000000000000E+00	7.762927022752E+01	7.562927022752E+01	1.618033988750E+00
3	2.000000000000E+00	4.874145954496E+01	4.674145954496E+01	1.618033988750E+00
4	2.000000000000E+00	3.088781068256E+01	2.888781068256E+01	1.618033988750E+00
5	2.000000000000E+00	1.985364886240E+01	1.785364886240E+01	1.618033988750E+00
6	8.819487042229E+00	1.985364886240E+01	1.103416182017E+01	1.618033988750E+00
7	1.303416182017E+01	1.985364886240E+01	6.819487042229E+00	1.618033988750E+00
8	1.303416182017E+01	1.724883659810E+01	4.214674777937E+00	1.618033988750E+00
9	1.303416182017E+01	1.563897408446E+01	2.604812264292E+00	1.618033988750E+00
10	1.402911157081E+01	1.563897408446E+01	1.609862513645E+00	1.618033988750E+00
11	1.464402433381E+01	1.563897408446E+01	9.949497506470E-01	1.618033988750E+00
12	1.464402433381E+01	1.525893709681E+01	6.149127629981E-01	1.618033988750E+00
13	1.487890010916E+01	1.525893709681E+01	3.800369876489E-01	1.618033988750E+00
14	1.487890010916E+01	1.511377588451E+01	2.348757753492E-01	1.618033988750E+00
15	1.496861467221E+01	1.511377588451E+01	1.451612122998E-01	1.618033988750E+00
16	1.496861467221E+01	1.505832923526E+01	8.971456304939E-02	1.618033988750E+00
17	1.496861467221E+01	1.502406132146E+01	5.544664925037E-02	1.618033988750E+00
18	1.498979340766E+01	1.502406132146E+01	3.426791379902E-02	1.618033988750E+00
19	1.498979340766E+01	1.501097214311E+01	2.117873545135E-02	1.618033988750E+00
20	1.498979340766E+01	1.500288258601E+01	1.308917834768E-02	1.618033988750E+00
21	1.499479302891E+01	1.500288258601E+01	8.089557103672E-03	1.618033988750E+00
22	1.499788296477E+01	1.500288258601E+01	4.999621244002E-03	1.618033988750E+00
23	1.499788296477E+01	1.500097290062E+01	3.089935859670E-03	1.618033988750E+00
24	1.499906321524E+01	1.500097290062E+01	1.909685384334E-03	1.618033988749E+00
25	1.499906321524E+01	1.500024346572E+01	1.180250475338E-03	1.618033988749E+00
26	1.499951403081E+01	1.500024346572E+01	7.294349089975E-04	1.618033988749E+00
27	1.499979265015E+01	1.500024346572E+01	4.508155663423E-04	1.618033988746E+00
28	1.499979265015E+01	1.500007126949E+01	2.786193426569E-04	1.618033988751E+00
29	1.499989907327E+01	1.500007126949E+01	1.721962236854E-04	1.618033988748E+00
30	1.499996484637E+01	1.500007126949E+01	1.064231189716E-04	1.618033988755E+00
31	1.499996484637E+01	1.500003061948E+01	6.577310471378E-05	1.618033988736E+00
Result:	14.9999977329256104
Iter:	31
Error:	1.511E-07

eps = 1.0E-05
Итерация	a			b		Длина отрезка		Отношение длин
1	2.000000000000E+00	1.243707297725E+02	1.223707297725E+02	1.618033988750E+00
2	2.000000000000E+00	7.762927022752E+01	7.562927022752E+01	1.618033988750E+00
3	2.000000000000E+00	4.874145954496E+01	4.674145954496E+01	1.618033988750E+00
4	2.000000000000E+00	3.088781068256E+01	2.888781068256E+01	1.618033988750E+00
5	2.000000000000E+00	1.985364886240E+01	1.785364886240E+01	1.618033988750E+00
6	8.819487042229E+00	1.985364886240E+01	1.103416182017E+01	1.618033988750E+00
7	1.303416182017E+01	1.985364886240E+01	6.819487042229E+00	1.618033988750E+00
8	1.303416182017E+01	1.724883659810E+01	4.214674777937E+00	1.618033988750E+00
9	1.303416182017E+01	1.563897408446E+01	2.604812264292E+00	1.618033988750E+00
10	1.402911157081E+01	1.563897408446E+01	1.609862513645E+00	1.618033988750E+00
11	1.464402433381E+01	1.563897408446E+01	9.949497506470E-01	1.618033988750E+00
12	1.464402433381E+01	1.525893709681E+01	6.149127629981E-01	1.618033988750E+00
13	1.487890010916E+01	1.525893709681E+01	3.800369876489E-01	1.618033988750E+00
14	1.487890010916E+01	1.511377588451E+01	2.348757753492E-01	1.618033988750E+00
15	1.496861467221E+01	1.511377588451E+01	1.451612122998E-01	1.618033988750E+00
16	1.496861467221E+01	1.505832923526E+01	8.971456304939E-02	1.618033988750E+00
17	1.496861467221E+01	1.502406132146E+01	5.544664925037E-02	1.618033988750E+00
18	1.498979340766E+01	1.502406132146E+01	3.426791379902E-02	1.618033988750E+00
19	1.498979340766E+01	1.501097214311E+01	2.117873545135E-02	1.618033988750E+00
20	1.498979340766E+01	1.500288258601E+01	1.308917834768E-02	1.618033988750E+00
21	1.499479302891E+01	1.500288258601E+01	8.089557103672E-03	1.618033988750E+00
22	1.499788296477E+01	1.500288258601E+01	4.999621244002E-03	1.618033988750E+00
23	1.499788296477E+01	1.500097290062E+01	3.089935859670E-03	1.618033988750E+00
24	1.499906321524E+01	1.500097290062E+01	1.909685384334E-03	1.618033988749E+00
25	1.499906321524E+01	1.500024346572E+01	1.180250475338E-03	1.618033988749E+00
26	1.499951403081E+01	1.500024346572E+01	7.294349089975E-04	1.618033988749E+00
27	1.499979265015E+01	1.500024346572E+01	4.508155663423E-04	1.618033988746E+00
28	1.499979265015E+01	1.500007126949E+01	2.786193426569E-04	1.618033988751E+00
29	1.499989907327E+01	1.500007126949E+01	1.721962236854E-04	1.618033988748E+00
30	1.499996484637E+01	1.500007126949E+01	1.064231189716E-04	1.618033988755E+00
31	1.499996484637E+01	1.500003061948E+01	6.577310471378E-05	1.618033988736E+00
32	1.499998996946E+01	1.500003061948E+01	4.065001425957E-05	1.618033988716E+00
33	1.499998996946E+01	1.500001509255E+01	2.512309045599E-05	1.618033988723E+00
34	1.499998996946E+01	1.500000549639E+01	1.552692380358E-05	1.618033988819E+00
35	1.499999590022E+01	1.500000549639E+01	9.596166650638E-06	1.618033988868E+00
Result:	15.0000006983041878
Iter:	35
Error:	4.655E-08

eps = 1.0E-06
Итерация	a			b		Длина отрезка		Отношение длин
1	2.000000000000E+00	1.243707297725E+02	1.223707297725E+02	1.618033988750E+00
2	2.000000000000E+00	7.762927022752E+01	7.562927022752E+01	1.618033988750E+00
3	2.000000000000E+00	4.874145954496E+01	4.674145954496E+01	1.618033988750E+00
4	2.000000000000E+00	3.088781068256E+01	2.888781068256E+01	1.618033988750E+00
5	2.000000000000E+00	1.985364886240E+01	1.785364886240E+01	1.618033988750E+00
6	8.819487042229E+00	1.985364886240E+01	1.103416182017E+01	1.618033988750E+00
7	1.303416182017E+01	1.985364886240E+01	6.819487042229E+00	1.618033988750E+00
8	1.303416182017E+01	1.724883659810E+01	4.214674777937E+00	1.618033988750E+00
9	1.303416182017E+01	1.563897408446E+01	2.604812264292E+00	1.618033988750E+00
10	1.402911157081E+01	1.563897408446E+01	1.609862513645E+00	1.618033988750E+00
11	1.464402433381E+01	1.563897408446E+01	9.949497506470E-01	1.618033988750E+00
12	1.464402433381E+01	1.525893709681E+01	6.149127629981E-01	1.618033988750E+00
13	1.487890010916E+01	1.525893709681E+01	3.800369876489E-01	1.618033988750E+00
14	1.487890010916E+01	1.511377588451E+01	2.348757753492E-01	1.618033988750E+00
15	1.496861467221E+01	1.511377588451E+01	1.451612122998E-01	1.618033988750E+00
16	1.496861467221E+01	1.505832923526E+01	8.971456304939E-02	1.618033988750E+00
17	1.496861467221E+01	1.502406132146E+01	5.544664925037E-02	1.618033988750E+00
18	1.498979340766E+01	1.502406132146E+01	3.426791379902E-02	1.618033988750E+00
19	1.498979340766E+01	1.501097214311E+01	2.117873545135E-02	1.618033988750E+00
20	1.498979340766E+01	1.500288258601E+01	1.308917834768E-02	1.618033988750E+00
21	1.499479302891E+01	1.500288258601E+01	8.089557103672E-03	1.618033988750E+00
22	1.499788296477E+01	1.500288258601E+01	4.999621244002E-03	1.618033988750E+00
23	1.499788296477E+01	1.500097290062E+01	3.089935859670E-03	1.618033988750E+00
24	1.499906321524E+01	1.500097290062E+01	1.909685384334E-03	1.618033988749E+00
25	1.499906321524E+01	1.500024346572E+01	1.180250475338E-03	1.618033988749E+00
26	1.499951403081E+01	1.500024346572E+01	7.294349089975E-04	1.618033988749E+00
27	1.499979265015E+01	1.500024346572E+01	4.508155663423E-04	1.618033988746E+00
28	1.499979265015E+01	1.500007126949E+01	2.786193426569E-04	1.618033988751E+00
29	1.499989907327E+01	1.500007126949E+01	1.721962236854E-04	1.618033988748E+00
30	1.499996484637E+01	1.500007126949E+01	1.064231189716E-04	1.618033988755E+00
31	1.499996484637E+01	1.500003061948E+01	6.577310471378E-05	1.618033988736E+00
32	1.499998996946E+01	1.500003061948E+01	4.065001425957E-05	1.618033988716E+00
33	1.499998996946E+01	1.500001509255E+01	2.512309045599E-05	1.618033988723E+00
34	1.499998996946E+01	1.500000549639E+01	1.552692380358E-05	1.618033988819E+00
35	1.499999590022E+01	1.500000549639E+01	9.596166650638E-06	1.618033988868E+00
36	1.499999590022E+01	1.500000183098E+01	5.930757151162E-06	1.618033988925E+00
37	1.499999816557E+01	1.500000183098E+01	3.665409497700E-06	1.618033989077E+00
38	1.499999956563E+01	1.500000183098E+01	2.265347651687E-06	1.618033989163E+00
39	1.499999956563E+01	1.500000096569E+01	1.400061844237E-06	1.618033989721E+00
40	1.499999956563E+01	1.500000043092E+01	8.652858056735E-07	1.618033989529E+00
Result:	14.9999999982732639
Iter:	40
Error:	1.151E-10

eps = 1.0E-07
Итерация	a			b		Длина отрезка		Отношение длин
1	2.000000000000E+00	1.243707297725E+02	1.223707297725E+02	1.618033988750E+00
2	2.000000000000E+00	7.762927022752E+01	7.562927022752E+01	1.618033988750E+00
3	2.000000000000E+00	4.874145954496E+01	4.674145954496E+01	1.618033988750E+00
4	2.000000000000E+00	3.088781068256E+01	2.888781068256E+01	1.618033988750E+00
5	2.000000000000E+00	1.985364886240E+01	1.785364886240E+01	1.618033988750E+00
6	8.819487042229E+00	1.985364886240E+01	1.103416182017E+01	1.618033988750E+00
7	1.303416182017E+01	1.985364886240E+01	6.819487042229E+00	1.618033988750E+00
8	1.303416182017E+01	1.724883659810E+01	4.214674777937E+00	1.618033988750E+00
9	1.303416182017E+01	1.563897408446E+01	2.604812264292E+00	1.618033988750E+00
10	1.402911157081E+01	1.563897408446E+01	1.609862513645E+00	1.618033988750E+00
11	1.464402433381E+01	1.563897408446E+01	9.949497506470E-01	1.618033988750E+00
12	1.464402433381E+01	1.525893709681E+01	6.149127629981E-01	1.618033988750E+00
13	1.487890010916E+01	1.525893709681E+01	3.800369876489E-01	1.618033988750E+00
14	1.487890010916E+01	1.511377588451E+01	2.348757753492E-01	1.618033988750E+00
15	1.496861467221E+01	1.511377588451E+01	1.451612122998E-01	1.618033988750E+00
16	1.496861467221E+01	1.505832923526E+01	8.971456304939E-02	1.618033988750E+00
17	1.496861467221E+01	1.502406132146E+01	5.544664925037E-02	1.618033988750E+00
18	1.498979340766E+01	1.502406132146E+01	3.426791379902E-02	1.618033988750E+00
19	1.498979340766E+01	1.501097214311E+01	2.117873545135E-02	1.618033988750E+00
20	1.498979340766E+01	1.500288258601E+01	1.308917834768E-02	1.618033988750E+00
21	1.499479302891E+01	1.500288258601E+01	8.089557103672E-03	1.618033988750E+00
22	1.499788296477E+01	1.500288258601E+01	4.999621244002E-03	1.618033988750E+00
23	1.499788296477E+01	1.500097290062E+01	3.089935859670E-03	1.618033988750E+00
24	1.499906321524E+01	1.500097290062E+01	1.909685384334E-03	1.618033988749E+00
25	1.499906321524E+01	1.500024346572E+01	1.180250475338E-03	1.618033988749E+00
26	1.499951403081E+01	1.500024346572E+01	7.294349089975E-04	1.618033988749E+00
27	1.499979265015E+01	1.500024346572E+01	4.508155663423E-04	1.618033988746E+00
28	1.499979265015E+01	1.500007126949E+01	2.786193426569E-04	1.618033988751E+00
29	1.499989907327E+01	1.500007126949E+01	1.721962236854E-04	1.618033988748E+00
30	1.499996484637E+01	1.500007126949E+01	1.064231189716E-04	1.618033988755E+00
31	1.499996484637E+01	1.500003061948E+01	6.577310471378E-05	1.618033988736E+00
32	1.499998996946E+01	1.500003061948E+01	4.065001425957E-05	1.618033988716E+00
33	1.499998996946E+01	1.500001509255E+01	2.512309045599E-05	1.618033988723E+00
34	1.499998996946E+01	1.500000549639E+01	1.552692380358E-05	1.618033988819E+00
35	1.499999590022E+01	1.500000549639E+01	9.596166650638E-06	1.618033988868E+00
36	1.499999590022E+01	1.500000183098E+01	5.930757151162E-06	1.618033988925E+00
37	1.499999816557E+01	1.500000183098E+01	3.665409497700E-06	1.618033989077E+00
38	1.499999956563E+01	1.500000183098E+01	2.265347651687E-06	1.618033989163E+00
39	1.499999956563E+01	1.500000096569E+01	1.400061844237E-06	1.618033989721E+00
40	1.499999956563E+01	1.500000043092E+01	8.652858056735E-07	1.618033989529E+00
41	1.499999989614E+01	1.500000043092E+01	5.347760385632E-07	1.618033986710E+00
42	1.499999989614E+01	1.500000022665E+01	3.305097688866E-07	1.618033985394E+00
43	1.499999989614E+01	1.500000010041E+01	2.042662714530E-07	1.618033983465E+00
44	1.499999989614E+01	1.500000002238E+01	1.262434974336E-07	1.618034002586E+00
45	1.499999994436E+01	1.500000002238E+01	7.802277224300E-08	1.618033989364E+00
Result:	14.9999999833722395
Iter:	45
Error:	1.109E-09

eps = 1.0E-08
Итерация	a			b		Длина отрезка		Отношение длин
1	2.000000000000E+00	1.243707297725E+02	1.223707297725E+02	1.618033988750E+00
2	2.000000000000E+00	7.762927022752E+01	7.562927022752E+01	1.618033988750E+00
3	2.000000000000E+00	4.874145954496E+01	4.674145954496E+01	1.618033988750E+00
4	2.000000000000E+00	3.088781068256E+01	2.888781068256E+01	1.618033988750E+00
5	2.000000000000E+00	1.985364886240E+01	1.785364886240E+01	1.618033988750E+00
6	8.819487042229E+00	1.985364886240E+01	1.103416182017E+01	1.618033988750E+00
7	1.303416182017E+01	1.985364886240E+01	6.819487042229E+00	1.618033988750E+00
8	1.303416182017E+01	1.724883659810E+01	4.214674777937E+00	1.618033988750E+00
9	1.303416182017E+01	1.563897408446E+01	2.604812264292E+00	1.618033988750E+00
10	1.402911157081E+01	1.563897408446E+01	1.609862513645E+00	1.618033988750E+00
11	1.464402433381E+01	1.563897408446E+01	9.949497506470E-01	1.618033988750E+00
12	1.464402433381E+01	1.525893709681E+01	6.149127629981E-01	1.618033988750E+00
13	1.487890010916E+01	1.525893709681E+01	3.800369876489E-01	1.618033988750E+00
14	1.487890010916E+01	1.511377588451E+01	2.348757753492E-01	1.618033988750E+00
15	1.496861467221E+01	1.511377588451E+01	1.451612122998E-01	1.618033988750E+00
16	1.496861467221E+01	1.505832923526E+01	8.971456304939E-02	1.618033988750E+00
17	1.496861467221E+01	1.502406132146E+01	5.544664925037E-02	1.618033988750E+00
18	1.498979340766E+01	1.502406132146E+01	3.426791379902E-02	1.618033988750E+00
19	1.498979340766E+01	1.501097214311E+01	2.117873545135E-02	1.618033988750E+00
20	1.498979340766E+01	1.500288258601E+01	1.308917834768E-02	1.618033988750E+00
21	1.499479302891E+01	1.500288258601E+01	8.089557103672E-03	1.618033988750E+00
22	1.499788296477E+01	1.500288258601E+01	4.999621244002E-03	1.618033988750E+00
23	1.499788296477E+01	1.500097290062E+01	3.089935859670E-03	1.618033988750E+00
24	1.499906321524E+01	1.500097290062E+01	1.909685384334E-03	1.618033988749E+00
25	1.499906321524E+01	1.500024346572E+01	1.180250475338E-03	1.618033988749E+00
26	1.499951403081E+01	1.500024346572E+01	7.294349089975E-04	1.618033988749E+00
27	1.499979265015E+01	1.500024346572E+01	4.508155663423E-04	1.618033988746E+00
28	1.499979265015E+01	1.500007126949E+01	2.786193426569E-04	1.618033988751E+00
29	1.499989907327E+01	1.500007126949E+01	1.721962236854E-04	1.618033988748E+00
30	1.499996484637E+01	1.500007126949E+01	1.064231189716E-04	1.618033988755E+00
31	1.499996484637E+01	1.500003061948E+01	6.577310471378E-05	1.618033988736E+00
32	1.499998996946E+01	1.500003061948E+01	4.065001425957E-05	1.618033988716E+00
33	1.499998996946E+01	1.500001509255E+01	2.512309045599E-05	1.618033988723E+00
34	1.499998996946E+01	1.500000549639E+01	1.552692380358E-05	1.618033988819E+00
35	1.499999590022E+01	1.500000549639E+01	9.596166650638E-06	1.618033988868E+00
36	1.499999590022E+01	1.500000183098E+01	5.930757151162E-06	1.618033988925E+00
37	1.499999816557E+01	1.500000183098E+01	3.665409497700E-06	1.618033989077E+00
38	1.499999956563E+01	1.500000183098E+01	2.265347651687E-06	1.618033989163E+00
39	1.499999956563E+01	1.500000096569E+01	1.400061844237E-06	1.618033989721E+00
40	1.499999956563E+01	1.500000043092E+01	8.652858056735E-07	1.618033989529E+00
41	1.499999989614E+01	1.500000043092E+01	5.347760385632E-07	1.618033986710E+00
42	1.499999989614E+01	1.500000022665E+01	3.305097688866E-07	1.618033985394E+00
43	1.499999989614E+01	1.500000010041E+01	2.042662714530E-07	1.618033983465E+00
44	1.499999989614E+01	1.500000002238E+01	1.262434974336E-07	1.618034002586E+00
45	1.499999994436E+01	1.500000002238E+01	7.802277224300E-08	1.618033989364E+00
46	1.499999997416E+01	1.500000002238E+01	4.822072519062E-08	1.618033987141E+00
47	1.499999997416E+01	1.500000000396E+01	2.980204705239E-08	1.618033992962E+00
48	1.499999997416E+01	1.499999999258E+01	1.841867813823E-08	1.618033977722E+00
49	1.499999997416E+01	1.499999998555E+01	1.138336891415E-08	1.618034017621E+00
50	1.499999997851E+01	1.499999998555E+01	7.035309224079E-09	1.618033913164E+00
Result:	14.9999999820286156
Iter:	50
Error:	1.198E-09

eps = 1.0E-09
Итерация	a			b		Длина отрезка		Отношение длин
1	2.000000000000E+00	1.243707297725E+02	1.223707297725E+02	1.618033988750E+00
2	2.000000000000E+00	7.762927022752E+01	7.562927022752E+01	1.618033988750E+00
3	2.000000000000E+00	4.874145954496E+01	4.674145954496E+01	1.618033988750E+00
4	2.000000000000E+00	3.088781068256E+01	2.888781068256E+01	1.618033988750E+00
5	2.000000000000E+00	1.985364886240E+01	1.785364886240E+01	1.618033988750E+00
6	8.819487042229E+00	1.985364886240E+01	1.103416182017E+01	1.618033988750E+00
7	1.303416182017E+01	1.985364886240E+01	6.819487042229E+00	1.618033988750E+00
8	1.303416182017E+01	1.724883659810E+01	4.214674777937E+00	1.618033988750E+00
9	1.303416182017E+01	1.563897408446E+01	2.604812264292E+00	1.618033988750E+00
10	1.402911157081E+01	1.563897408446E+01	1.609862513645E+00	1.618033988750E+00
11	1.464402433381E+01	1.563897408446E+01	9.949497506470E-01	1.618033988750E+00
12	1.464402433381E+01	1.525893709681E+01	6.149127629981E-01	1.618033988750E+00
13	1.487890010916E+01	1.525893709681E+01	3.800369876489E-01	1.618033988750E+00
14	1.487890010916E+01	1.511377588451E+01	2.348757753492E-01	1.618033988750E+00
15	1.496861467221E+01	1.511377588451E+01	1.451612122998E-01	1.618033988750E+00
16	1.496861467221E+01	1.505832923526E+01	8.971456304939E-02	1.618033988750E+00
17	1.496861467221E+01	1.502406132146E+01	5.544664925037E-02	1.618033988750E+00
18	1.498979340766E+01	1.502406132146E+01	3.426791379902E-02	1.618033988750E+00
19	1.498979340766E+01	1.501097214311E+01	2.117873545135E-02	1.618033988750E+00
20	1.498979340766E+01	1.500288258601E+01	1.308917834768E-02	1.618033988750E+00
21	1.499479302891E+01	1.500288258601E+01	8.089557103672E-03	1.618033988750E+00
22	1.499788296477E+01	1.500288258601E+01	4.999621244002E-03	1.618033988750E+00
23	1.499788296477E+01	1.500097290062E+01	3.089935859670E-03	1.618033988750E+00
24	1.499906321524E+01	1.500097290062E+01	1.909685384334E-03	1.618033988749E+00
25	1.499906321524E+01	1.500024346572E+01	1.180250475338E-03	1.618033988749E+00
26	1.499951403081E+01	1.500024346572E+01	7.294349089975E-04	1.618033988749E+00
27	1.499979265015E+01	1.500024346572E+01	4.508155663423E-04	1.618033988746E+00
28	1.499979265015E+01	1.500007126949E+01	2.786193426569E-04	1.618033988751E+00
29	1.499989907327E+01	1.500007126949E+01	1.721962236854E-04	1.618033988748E+00
30	1.499996484637E+01	1.500007126949E+01	1.064231189716E-04	1.618033988755E+00
31	1.499996484637E+01	1.500003061948E+01	6.577310471378E-05	1.618033988736E+00
32	1.499998996946E+01	1.500003061948E+01	4.065001425957E-05	1.618033988716E+00
33	1.499998996946E+01	1.500001509255E+01	2.512309045599E-05	1.618033988723E+00
34	1.499998996946E+01	1.500000549639E+01	1.552692380358E-05	1.618033988819E+00
35	1.499999590022E+01	1.500000549639E+01	9.596166650638E-06	1.618033988868E+00
36	1.499999590022E+01	1.500000183098E+01	5.930757151162E-06	1.618033988925E+00
37	1.499999816557E+01	1.500000183098E+01	3.665409497700E-06	1.618033989077E+00
38	1.499999956563E+01	1.500000183098E+01	2.265347651687E-06	1.618033989163E+00
39	1.499999956563E+01	1.500000096569E+01	1.400061844237E-06	1.618033989721E+00
40	1.499999956563E+01	1.500000043092E+01	8.652858056735E-07	1.618033989529E+00
41	1.499999989614E+01	1.500000043092E+01	5.347760385632E-07	1.618033986710E+00
42	1.499999989614E+01	1.500000022665E+01	3.305097688866E-07	1.618033985394E+00
43	1.499999989614E+01	1.500000010041E+01	2.042662714530E-07	1.618033983465E+00
44	1.499999989614E+01	1.500000002238E+01	1.262434974336E-07	1.618034002586E+00
45	1.499999994436E+01	1.500000002238E+01	7.802277224300E-08	1.618033989364E+00
46	1.499999997416E+01	1.500000002238E+01	4.822072519062E-08	1.618033987141E+00
47	1.499999997416E+01	1.500000000396E+01	2.980204705239E-08	1.618033992962E+00
48	1.499999997416E+01	1.499999999258E+01	1.841867813823E-08	1.618033977722E+00
49	1.499999997416E+01	1.499999998555E+01	1.138336891415E-08	1.618034017621E+00
50	1.499999997851E+01	1.499999998555E+01	7.035309224079E-09	1.618033913164E+00
51	1.499999997851E+01	1.499999998286E+01	4.348059690074E-09	1.618034186637E+00
52	1.499999997851E+01	1.499999998120E+01	2.687249534006E-09	1.618033470674E+00
53	1.499999997851E+01	1.499999998017E+01	1.660810156068E-09	1.618035345092E+00
54	1.499999997851E+01	1.499999997954E+01	1.026437601581E-09	1.618033237977E+00
55	1.499999997890E+01	1.499999997954E+01	6.343725544866E-10	1.618035954301E+00
Result:	14.9999999792202114
Iter:	55
Error:	1.385E-09

eps = 1.0E-10
Итерация	a			b		Длина отрезка		Отношение длин
1	2.000000000000E+00	1.243707297725E+02	1.223707297725E+02	1.618033988750E+00
2	2.000000000000E+00	7.762927022752E+01	7.562927022752E+01	1.618033988750E+00
3	2.000000000000E+00	4.874145954496E+01	4.674145954496E+01	1.618033988750E+00
4	2.000000000000E+00	3.088781068256E+01	2.888781068256E+01	1.618033988750E+00
5	2.000000000000E+00	1.985364886240E+01	1.785364886240E+01	1.618033988750E+00
6	8.819487042229E+00	1.985364886240E+01	1.103416182017E+01	1.618033988750E+00
7	1.303416182017E+01	1.985364886240E+01	6.819487042229E+00	1.618033988750E+00
8	1.303416182017E+01	1.724883659810E+01	4.214674777937E+00	1.618033988750E+00
9	1.303416182017E+01	1.563897408446E+01	2.604812264292E+00	1.618033988750E+00
10	1.402911157081E+01	1.563897408446E+01	1.609862513645E+00	1.618033988750E+00
11	1.464402433381E+01	1.563897408446E+01	9.949497506470E-01	1.618033988750E+00
12	1.464402433381E+01	1.525893709681E+01	6.149127629981E-01	1.618033988750E+00
13	1.487890010916E+01	1.525893709681E+01	3.800369876489E-01	1.618033988750E+00
14	1.487890010916E+01	1.511377588451E+01	2.348757753492E-01	1.618033988750E+00
15	1.496861467221E+01	1.511377588451E+01	1.451612122998E-01	1.618033988750E+00
16	1.496861467221E+01	1.505832923526E+01	8.971456304939E-02	1.618033988750E+00
17	1.496861467221E+01	1.502406132146E+01	5.544664925037E-02	1.618033988750E+00
18	1.498979340766E+01	1.502406132146E+01	3.426791379902E-02	1.618033988750E+00
19	1.498979340766E+01	1.501097214311E+01	2.117873545135E-02	1.618033988750E+00
20	1.498979340766E+01	1.500288258601E+01	1.308917834768E-02	1.618033988750E+00
21	1.499479302891E+01	1.500288258601E+01	8.089557103672E-03	1.618033988750E+00
22	1.499788296477E+01	1.500288258601E+01	4.999621244002E-03	1.618033988750E+00
23	1.499788296477E+01	1.500097290062E+01	3.089935859670E-03	1.618033988750E+00
24	1.499906321524E+01	1.500097290062E+01	1.909685384334E-03	1.618033988749E+00
25	1.499906321524E+01	1.500024346572E+01	1.180250475338E-03	1.618033988749E+00
26	1.499951403081E+01	1.500024346572E+01	7.294349089975E-04	1.618033988749E+00
27	1.499979265015E+01	1.500024346572E+01	4.508155663423E-04	1.618033988746E+00
28	1.499979265015E+01	1.500007126949E+01	2.786193426569E-04	1.618033988751E+00
29	1.499989907327E+01	1.500007126949E+01	1.721962236854E-04	1.618033988748E+00
30	1.499996484637E+01	1.500007126949E+01	1.064231189716E-04	1.618033988755E+00
31	1.499996484637E+01	1.500003061948E+01	6.577310471378E-05	1.618033988736E+00
32	1.499998996946E+01	1.500003061948E+01	4.065001425957E-05	1.618033988716E+00
33	1.499998996946E+01	1.500001509255E+01	2.512309045599E-05	1.618033988723E+00
34	1.499998996946E+01	1.500000549639E+01	1.552692380358E-05	1.618033988819E+00
35	1.499999590022E+01	1.500000549639E+01	9.596166650638E-06	1.618033988868E+00
36	1.499999590022E+01	1.500000183098E+01	5.930757151162E-06	1.618033988925E+00
37	1.499999816557E+01	1.500000183098E+01	3.665409497700E-06	1.618033989077E+00
38	1.499999956563E+01	1.500000183098E+01	2.265347651687E-06	1.618033989163E+00
39	1.499999956563E+01	1.500000096569E+01	1.400061844237E-06	1.618033989721E+00
40	1.499999956563E+01	1.500000043092E+01	8.652858056735E-07	1.618033989529E+00
41	1.499999989614E+01	1.500000043092E+01	5.347760385632E-07	1.618033986710E+00
42	1.499999989614E+01	1.500000022665E+01	3.305097688866E-07	1.618033985394E+00
43	1.499999989614E+01	1.500000010041E+01	2.042662714530E-07	1.618033983465E+00
44	1.499999989614E+01	1.500000002238E+01	1.262434974336E-07	1.618034002586E+00
45	1.499999994436E+01	1.500000002238E+01	7.802277224300E-08	1.618033989364E+00
46	1.499999997416E+01	1.500000002238E+01	4.822072519062E-08	1.618033987141E+00
47	1.499999997416E+01	1.500000000396E+01	2.980204705239E-08	1.618033992962E+00
48	1.499999997416E+01	1.499999999258E+01	1.841867813823E-08	1.618033977722E+00
49	1.499999997416E+01	1.499999998555E+01	1.138336891415E-08	1.618034017621E+00
50	1.499999997851E+01	1.499999998555E+01	7.035309224079E-09	1.618033913164E+00
51	1.499999997851E+01	1.499999998286E+01	4.348059690074E-09	1.618034186637E+00
52	1.499999997851E+01	1.499999998120E+01	2.687249534006E-09	1.618033470674E+00
53	1.499999997851E+01	1.499999998017E+01	1.660810156068E-09	1.618035345092E+00
54	1.499999997851E+01	1.499999997954E+01	1.026437601581E-09	1.618033237977E+00
55	1.499999997890E+01	1.499999997954E+01	6.343725544866E-10	1.618035954301E+00
56	1.499999997890E+01	1.499999997930E+01	3.920632707377E-10	1.618036173837E+00
57	1.499999997890E+01	1.499999997915E+01	2.423075073921E-10	1.618040129905E+00
58	1.499999997890E+01	1.499999997905E+01	1.497539869888E-10	1.618037103815E+00
59	1.499999997890E+01	1.499999997900E+01	9.255352040327E-11	1.618025833445E+00
Result:	14.9999999789493010
Iter:	59
Error:	1.403E-09

eps = 1.0E-11
Итерация	a			b		Длина отрезка		Отношение длин
1	2.000000000000E+00	1.243707297725E+02	1.223707297725E+02	1.618033988750E+00
2	2.000000000000E+00	7.762927022752E+01	7.562927022752E+01	1.618033988750E+00
3	2.000000000000E+00	4.874145954496E+01	4.674145954496E+01	1.618033988750E+00
4	2.000000000000E+00	3.088781068256E+01	2.888781068256E+01	1.618033988750E+00
5	2.000000000000E+00	1.985364886240E+01	1.785364886240E+01	1.618033988750E+00
6	8.819487042229E+00	1.985364886240E+01	1.103416182017E+01	1.618033988750E+00
7	1.303416182017E+01	1.985364886240E+01	6.819487042229E+00	1.618033988750E+00
8	1.303416182017E+01	1.724883659810E+01	4.214674777937E+00	1.618033988750E+00
9	1.303416182017E+01	1.563897408446E+01	2.604812264292E+00	1.618033988750E+00
10	1.402911157081E+01	1.563897408446E+01	1.609862513645E+00	1.618033988750E+00
11	1.464402433381E+01	1.563897408446E+01	9.949497506470E-01	1.618033988750E+00
12	1.464402433381E+01	1.525893709681E+01	6.149127629981E-01	1.618033988750E+00
13	1.487890010916E+01	1.525893709681E+01	3.800369876489E-01	1.618033988750E+00
14	1.487890010916E+01	1.511377588451E+01	2.348757753492E-01	1.618033988750E+00
15	1.496861467221E+01	1.511377588451E+01	1.451612122998E-01	1.618033988750E+00
16	1.496861467221E+01	1.505832923526E+01	8.971456304939E-02	1.618033988750E+00
17	1.496861467221E+01	1.502406132146E+01	5.544664925037E-02	1.618033988750E+00
18	1.498979340766E+01	1.502406132146E+01	3.426791379902E-02	1.618033988750E+00
19	1.498979340766E+01	1.501097214311E+01	2.117873545135E-02	1.618033988750E+00
20	1.498979340766E+01	1.500288258601E+01	1.308917834768E-02	1.618033988750E+00
21	1.499479302891E+01	1.500288258601E+01	8.089557103672E-03	1.618033988750E+00
22	1.499788296477E+01	1.500288258601E+01	4.999621244002E-03	1.618033988750E+00
23	1.499788296477E+01	1.500097290062E+01	3.089935859670E-03	1.618033988750E+00
24	1.499906321524E+01	1.500097290062E+01	1.909685384334E-03	1.618033988749E+00
25	1.499906321524E+01	1.500024346572E+01	1.180250475338E-03	1.618033988749E+00
26	1.499951403081E+01	1.500024346572E+01	7.294349089975E-04	1.618033988749E+00
27	1.499979265015E+01	1.500024346572E+01	4.508155663423E-04	1.618033988746E+00
28	1.499979265015E+01	1.500007126949E+01	2.786193426569E-04	1.618033988751E+00
29	1.499989907327E+01	1.500007126949E+01	1.721962236854E-04	1.618033988748E+00
30	1.499996484637E+01	1.500007126949E+01	1.064231189716E-04	1.618033988755E+00
31	1.499996484637E+01	1.500003061948E+01	6.577310471378E-05	1.618033988736E+00
32	1.499998996946E+01	1.500003061948E+01	4.065001425957E-05	1.618033988716E+00
33	1.499998996946E+01	1.500001509255E+01	2.512309045599E-05	1.618033988723E+00
34	1.499998996946E+01	1.500000549639E+01	1.552692380358E-05	1.618033988819E+00
35	1.499999590022E+01	1.500000549639E+01	9.596166650638E-06	1.618033988868E+00
36	1.499999590022E+01	1.500000183098E+01	5.930757151162E-06	1.618033988925E+00
37	1.499999816557E+01	1.500000183098E+01	3.665409497700E-06	1.618033989077E+00
38	1.499999956563E+01	1.500000183098E+01	2.265347651687E-06	1.618033989163E+00
39	1.499999956563E+01	1.500000096569E+01	1.400061844237E-06	1.618033989721E+00
40	1.499999956563E+01	1.500000043092E+01	8.652858056735E-07	1.618033989529E+00
41	1.499999989614E+01	1.500000043092E+01	5.347760385632E-07	1.618033986710E+00
42	1.499999989614E+01	1.500000022665E+01	3.305097688866E-07	1.618033985394E+00
43	1.499999989614E+01	1.500000010041E+01	2.042662714530E-07	1.618033983465E+00
44	1.499999989614E+01	1.500000002238E+01	1.262434974336E-07	1.618034002586E+00
45	1.499999994436E+01	1.500000002238E+01	7.802277224300E-08	1.618033989364E+00
46	1.499999997416E+01	1.500000002238E+01	4.822072519062E-08	1.618033987141E+00
47	1.499999997416E+01	1.500000000396E+01	2.980204705239E-08	1.618033992962E+00
48	1.499999997416E+01	1.499999999258E+01	1.841867813823E-08	1.618033977722E+00
49	1.499999997416E+01	1.499999998555E+01	1.138336891415E-08	1.618034017621E+00
50	1.499999997851E+01	1.499999998555E+01	7.035309224079E-09	1.618033913164E+00
51	1.499999997851E+01	1.499999998286E+01	4.348059690074E-09	1.618034186637E+00
52	1.499999997851E+01	1.499999998120E+01	2.687249534006E-09	1.618033470674E+00
53	1.499999997851E+01	1.499999998017E+01	1.660810156068E-09	1.618035345092E+00
54	1.499999997851E+01	1.499999997954E+01	1.026437601581E-09	1.618033237977E+00
55	1.499999997890E+01	1.499999997954E+01	6.343725544866E-10	1.618035954301E+00
56	1.499999997890E+01	1.499999997930E+01	3.920632707377E-10	1.618036173837E+00
57	1.499999997890E+01	1.499999997915E+01	2.423075073921E-10	1.618040129905E+00
58	1.499999997890E+01	1.499999997905E+01	1.497539869888E-10	1.618037103815E+00
59	1.499999997890E+01	1.499999997900E+01	9.255352040327E-11	1.618025833445E+00
60	1.499999997890E+01	1.499999997896E+01	5.720046658553E-11	1.618055339896E+00
61	1.499999997892E+01	1.499999997896E+01	3.535127746090E-11	1.618059394000E+00
62	1.499999997892E+01	1.499999997895E+01	2.184741276778E-11	1.618099032442E+00
63	1.499999997892E+01	1.499999997894E+01	1.350386469312E-11	1.617863720074E+00
64	1.499999997892E+01	1.499999997893E+01	8.345324431502E-12	1.618135376756E+00
Result:	14.9999999789290470
Iter:	64
Error:	1.405E-09

eps = 1.0E-12
Итерация	a			b		Длина отрезка		Отношение длин
1	2.000000000000E+00	1.243707297725E+02	1.223707297725E+02	1.618033988750E+00
2	2.000000000000E+00	7.762927022752E+01	7.562927022752E+01	1.618033988750E+00
3	2.000000000000E+00	4.874145954496E+01	4.674145954496E+01	1.618033988750E+00
4	2.000000000000E+00	3.088781068256E+01	2.888781068256E+01	1.618033988750E+00
5	2.000000000000E+00	1.985364886240E+01	1.785364886240E+01	1.618033988750E+00
6	8.819487042229E+00	1.985364886240E+01	1.103416182017E+01	1.618033988750E+00
7	1.303416182017E+01	1.985364886240E+01	6.819487042229E+00	1.618033988750E+00
8	1.303416182017E+01	1.724883659810E+01	4.214674777937E+00	1.618033988750E+00
9	1.303416182017E+01	1.563897408446E+01	2.604812264292E+00	1.618033988750E+00
10	1.402911157081E+01	1.563897408446E+01	1.609862513645E+00	1.618033988750E+00
11	1.464402433381E+01	1.563897408446E+01	9.949497506470E-01	1.618033988750E+00
12	1.464402433381E+01	1.525893709681E+01	6.149127629981E-01	1.618033988750E+00
13	1.487890010916E+01	1.525893709681E+01	3.800369876489E-01	1.618033988750E+00
14	1.487890010916E+01	1.511377588451E+01	2.348757753492E-01	1.618033988750E+00
15	1.496861467221E+01	1.511377588451E+01	1.451612122998E-01	1.618033988750E+00
16	1.496861467221E+01	1.505832923526E+01	8.971456304939E-02	1.618033988750E+00
17	1.496861467221E+01	1.502406132146E+01	5.544664925037E-02	1.618033988750E+00
18	1.498979340766E+01	1.502406132146E+01	3.426791379902E-02	1.618033988750E+00
19	1.498979340766E+01	1.501097214311E+01	2.117873545135E-02	1.618033988750E+00
20	1.498979340766E+01	1.500288258601E+01	1.308917834768E-02	1.618033988750E+00
21	1.499479302891E+01	1.500288258601E+01	8.089557103672E-03	1.618033988750E+00
22	1.499788296477E+01	1.500288258601E+01	4.999621244002E-03	1.618033988750E+00
23	1.499788296477E+01	1.500097290062E+01	3.089935859670E-03	1.618033988750E+00
24	1.499906321524E+01	1.500097290062E+01	1.909685384334E-03	1.618033988749E+00
25	1.499906321524E+01	1.500024346572E+01	1.180250475338E-03	1.618033988749E+00
26	1.499951403081E+01	1.500024346572E+01	7.294349089975E-04	1.618033988749E+00
27	1.499979265015E+01	1.500024346572E+01	4.508155663423E-04	1.618033988746E+00
28	1.499979265015E+01	1.500007126949E+01	2.786193426569E-04	1.618033988751E+00
29	1.499989907327E+01	1.500007126949E+01	1.721962236854E-04	1.618033988748E+00
30	1.499996484637E+01	1.500007126949E+01	1.064231189716E-04	1.618033988755E+00
31	1.499996484637E+01	1.500003061948E+01	6.577310471378E-05	1.618033988736E+00
32	1.499998996946E+01	1.500003061948E+01	4.065001425957E-05	1.618033988716E+00
33	1.499998996946E+01	1.500001509255E+01	2.512309045599E-05	1.618033988723E+00
34	1.499998996946E+01	1.500000549639E+01	1.552692380358E-05	1.618033988819E+00
35	1.499999590022E+01	1.500000549639E+01	9.596166650638E-06	1.618033988868E+00
36	1.499999590022E+01	1.500000183098E+01	5.930757151162E-06	1.618033988925E+00
37	1.499999816557E+01	1.500000183098E+01	3.665409497700E-06	1.618033989077E+00
38	1.499999956563E+01	1.500000183098E+01	2.265347651687E-06	1.618033989163E+00
39	1.499999956563E+01	1.500000096569E+01	1.400061844237E-06	1.618033989721E+00
40	1.499999956563E+01	1.500000043092E+01	8.652858056735E-07	1.618033989529E+00
41	1.499999989614E+01	1.500000043092E+01	5.347760385632E-07	1.618033986710E+00
42	1.499999989614E+01	1.500000022665E+01	3.305097688866E-07	1.618033985394E+00
43	1.499999989614E+01	1.500000010041E+01	2.042662714530E-07	1.618033983465E+00
44	1.499999989614E+01	1.500000002238E+01	1.262434974336E-07	1.618034002586E+00
45	1.499999994436E+01	1.500000002238E+01	7.802277224300E-08	1.618033989364E+00
46	1.499999997416E+01	1.500000002238E+01	4.822072519062E-08	1.618033987141E+00
47	1.499999997416E+01	1.500000000396E+01	2.980204705239E-08	1.618033992962E+00
48	1.499999997416E+01	1.499999999258E+01	1.841867813823E-08	1.618033977722E+00
49	1.499999997416E+01	1.499999998555E+01	1.138336891415E-08	1.618034017621E+00
50	1.499999997851E+01	1.499999998555E+01	7.035309224079E-09	1.618033913164E+00
51	1.499999997851E+01	1.499999998286E+01	4.348059690074E-09	1.618034186637E+00
52	1.499999997851E+01	1.499999998120E+01	2.687249534006E-09	1.618033470674E+00
53	1.499999997851E+01	1.499999998017E+01	1.660810156068E-09	1.618035345092E+00
54	1.499999997851E+01	1.499999997954E+01	1.026437601581E-09	1.618033237977E+00
55	1.499999997890E+01	1.499999997954E+01	6.343725544866E-10	1.618035954301E+00
56	1.499999997890E+01	1.499999997930E+01	3.920632707377E-10	1.618036173837E+00
57	1.499999997890E+01	1.499999997915E+01	2.423075073921E-10	1.618040129905E+00
58	1.499999997890E+01	1.499999997905E+01	1.497539869888E-10	1.618037103815E+00
59	1.499999997890E+01	1.499999997900E+01	9.255352040327E-11	1.618025833445E+00
60	1.499999997890E+01	1.499999997896E+01	5.720046658553E-11	1.618055339896E+00
61	1.499999997892E+01	1.499999997896E+01	3.535127746090E-11	1.618059394000E+00
62	1.499999997892E+01	1.499999997895E+01	2.184741276778E-11	1.618099032442E+00
63	1.499999997892E+01	1.499999997894E+01	1.350386469312E-11	1.617863720074E+00
64	1.499999997892E+01	1.499999997893E+01	8.345324431502E-12	1.618135376756E+00
65	1.499999997892E+01	1.499999997893E+01	5.158540261618E-12	1.617768595041E+00
66	1.499999997892E+01	1.499999997893E+01	3.186784169884E-12	1.618729096990E+00
67	1.499999997893E+01	1.499999997893E+01	1.969979734895E-12	1.617673579802E+00
68	1.499999997893E+01	1.499999997893E+01	1.216804434989E-12	1.618978102190E+00
69	1.499999997893E+01	1.499999997893E+01	7.513989430663E-13	1.619385342790E+00
Result:	14.9999999789269332
Iter:	69
Error:	1.405E-09

eps = 1.0E-13
Итерация	a			b		Длина отрезка		Отношение длин
1	2.000000000000E+00	1.243707297725E+02	1.223707297725E+02	1.618033988750E+00
2	2.000000000000E+00	7.762927022752E+01	7.562927022752E+01	1.618033988750E+00
3	2.000000000000E+00	4.874145954496E+01	4.674145954496E+01	1.618033988750E+00
4	2.000000000000E+00	3.088781068256E+01	2.888781068256E+01	1.618033988750E+00
5	2.000000000000E+00	1.985364886240E+01	1.785364886240E+01	1.618033988750E+00
6	8.819487042229E+00	1.985364886240E+01	1.103416182017E+01	1.618033988750E+00
7	1.303416182017E+01	1.985364886240E+01	6.819487042229E+00	1.618033988750E+00
8	1.303416182017E+01	1.724883659810E+01	4.214674777937E+00	1.618033988750E+00
9	1.303416182017E+01	1.563897408446E+01	2.604812264292E+00	1.618033988750E+00
10	1.402911157081E+01	1.563897408446E+01	1.609862513645E+00	1.618033988750E+00
11	1.464402433381E+01	1.563897408446E+01	9.949497506470E-01	1.618033988750E+00
12	1.464402433381E+01	1.525893709681E+01	6.149127629981E-01	1.618033988750E+00
13	1.487890010916E+01	1.525893709681E+01	3.800369876489E-01	1.618033988750E+00
14	1.487890010916E+01	1.511377588451E+01	2.348757753492E-01	1.618033988750E+00
15	1.496861467221E+01	1.511377588451E+01	1.451612122998E-01	1.618033988750E+00
16	1.496861467221E+01	1.505832923526E+01	8.971456304939E-02	1.618033988750E+00
17	1.496861467221E+01	1.502406132146E+01	5.544664925037E-02	1.618033988750E+00
18	1.498979340766E+01	1.502406132146E+01	3.426791379902E-02	1.618033988750E+00
19	1.498979340766E+01	1.501097214311E+01	2.117873545135E-02	1.618033988750E+00
20	1.498979340766E+01	1.500288258601E+01	1.308917834768E-02	1.618033988750E+00
21	1.499479302891E+01	1.500288258601E+01	8.089557103672E-03	1.618033988750E+00
22	1.499788296477E+01	1.500288258601E+01	4.999621244002E-03	1.618033988750E+00
23	1.499788296477E+01	1.500097290062E+01	3.089935859670E-03	1.618033988750E+00
24	1.499906321524E+01	1.500097290062E+01	1.909685384334E-03	1.618033988749E+00
25	1.499906321524E+01	1.500024346572E+01	1.180250475338E-03	1.618033988749E+00
26	1.499951403081E+01	1.500024346572E+01	7.294349089975E-04	1.618033988749E+00
27	1.499979265015E+01	1.500024346572E+01	4.508155663423E-04	1.618033988746E+00
28	1.499979265015E+01	1.500007126949E+01	2.786193426569E-04	1.618033988751E+00
29	1.499989907327E+01	1.500007126949E+01	1.721962236854E-04	1.618033988748E+00
30	1.499996484637E+01	1.500007126949E+01	1.064231189716E-04	1.618033988755E+00
31	1.499996484637E+01	1.500003061948E+01	6.577310471378E-05	1.618033988736E+00
32	1.499998996946E+01	1.500003061948E+01	4.065001425957E-05	1.618033988716E+00
33	1.499998996946E+01	1.500001509255E+01	2.512309045599E-05	1.618033988723E+00
34	1.499998996946E+01	1.500000549639E+01	1.552692380358E-05	1.618033988819E+00
35	1.499999590022E+01	1.500000549639E+01	9.596166650638E-06	1.618033988868E+00
36	1.499999590022E+01	1.500000183098E+01	5.930757151162E-06	1.618033988925E+00
37	1.499999816557E+01	1.500000183098E+01	3.665409497700E-06	1.618033989077E+00
38	1.499999956563E+01	1.500000183098E+01	2.265347651687E-06	1.618033989163E+00
39	1.499999956563E+01	1.500000096569E+01	1.400061844237E-06	1.618033989721E+00
40	1.499999956563E+01	1.500000043092E+01	8.652858056735E-07	1.618033989529E+00
41	1.499999989614E+01	1.500000043092E+01	5.347760385632E-07	1.618033986710E+00
42	1.499999989614E+01	1.500000022665E+01	3.305097688866E-07	1.618033985394E+00
43	1.499999989614E+01	1.500000010041E+01	2.042662714530E-07	1.618033983465E+00
44	1.499999989614E+01	1.500000002238E+01	1.262434974336E-07	1.618034002586E+00
45	1.499999994436E+01	1.500000002238E+01	7.802277224300E-08	1.618033989364E+00
46	1.499999997416E+01	1.500000002238E+01	4.822072519062E-08	1.618033987141E+00
47	1.499999997416E+01	1.500000000396E+01	2.980204705239E-08	1.618033992962E+00
48	1.499999997416E+01	1.499999999258E+01	1.841867813823E-08	1.618033977722E+00
49	1.499999997416E+01	1.499999998555E+01	1.138336891415E-08	1.618034017621E+00
50	1.499999997851E+01	1.499999998555E+01	7.035309224079E-09	1.618033913164E+00
51	1.499999997851E+01	1.499999998286E+01	4.348059690074E-09	1.618034186637E+00
52	1.499999997851E+01	1.499999998120E+01	2.687249534006E-09	1.618033470674E+00
53	1.499999997851E+01	1.499999998017E+01	1.660810156068E-09	1.618035345092E+00
54	1.499999997851E+01	1.499999997954E+01	1.026437601581E-09	1.618033237977E+00
55	1.499999997890E+01	1.499999997954E+01	6.343725544866E-10	1.618035954301E+00
56	1.499999997890E+01	1.499999997930E+01	3.920632707377E-10	1.618036173837E+00
57	1.499999997890E+01	1.499999997915E+01	2.423075073921E-10	1.618040129905E+00
58	1.499999997890E+01	1.499999997905E+01	1.497539869888E-10	1.618037103815E+00
59	1.499999997890E+01	1.499999997900E+01	9.255352040327E-11	1.618025833445E+00
60	1.499999997890E+01	1.499999997896E+01	5.720046658553E-11	1.618055339896E+00
61	1.499999997892E+01	1.499999997896E+01	3.535127746090E-11	1.618059394000E+00
62	1.499999997892E+01	1.499999997895E+01	2.184741276778E-11	1.618099032442E+00
63	1.499999997892E+01	1.499999997894E+01	1.350386469312E-11	1.617863720074E+00
64	1.499999997892E+01	1.499999997893E+01	8.345324431502E-12	1.618135376756E+00
65	1.499999997892E+01	1.499999997893E+01	5.158540261618E-12	1.617768595041E+00
66	1.499999997892E+01	1.499999997893E+01	3.186784169884E-12	1.618729096990E+00
67	1.499999997893E+01	1.499999997893E+01	1.969979734895E-12	1.617673579802E+00
68	1.499999997893E+01	1.499999997893E+01	1.216804434989E-12	1.618978102190E+00
69	1.499999997893E+01	1.499999997893E+01	7.513989430663E-13	1.619385342790E+00
70	1.499999997893E+01	1.499999997893E+01	4.636291350835E-13	1.620689655172E+00
71	1.499999997893E+01	1.499999997893E+01	2.877698079828E-13	1.611111111111E+00
72	1.499999997893E+01	1.499999997893E+01	1.776356839400E-13	1.620000000000E+00
73	1.499999997893E+01	1.499999997893E+01	1.101341240428E-13	1.612903225806E+00
74	1.499999997893E+01	1.499999997893E+01	6.750155989721E-14	1.631578947368E+00
Result:	14.9999999789265903
Iter:	74
Error:	1.405E-09

eps = 1.0E-14
Итерация	a			b		Длина отрезка		Отношение длин
1	2.000000000000E+00	1.243707297725E+02	1.223707297725E+02	1.618033988750E+00
2	2.000000000000E+00	7.762927022752E+01	7.562927022752E+01	1.618033988750E+00
3	2.000000000000E+00	4.874145954496E+01	4.674145954496E+01	1.618033988750E+00
4	2.000000000000E+00	3.088781068256E+01	2.888781068256E+01	1.618033988750E+00
5	2.000000000000E+00	1.985364886240E+01	1.785364886240E+01	1.618033988750E+00
6	8.819487042229E+00	1.985364886240E+01	1.103416182017E+01	1.618033988750E+00
7	1.303416182017E+01	1.985364886240E+01	6.819487042229E+00	1.618033988750E+00
8	1.303416182017E+01	1.724883659810E+01	4.214674777937E+00	1.618033988750E+00
9	1.303416182017E+01	1.563897408446E+01	2.604812264292E+00	1.618033988750E+00
10	1.402911157081E+01	1.563897408446E+01	1.609862513645E+00	1.618033988750E+00
11	1.464402433381E+01	1.563897408446E+01	9.949497506470E-01	1.618033988750E+00
12	1.464402433381E+01	1.525893709681E+01	6.149127629981E-01	1.618033988750E+00
13	1.487890010916E+01	1.525893709681E+01	3.800369876489E-01	1.618033988750E+00
14	1.487890010916E+01	1.511377588451E+01	2.348757753492E-01	1.618033988750E+00
15	1.496861467221E+01	1.511377588451E+01	1.451612122998E-01	1.618033988750E+00
16	1.496861467221E+01	1.505832923526E+01	8.971456304939E-02	1.618033988750E+00
17	1.496861467221E+01	1.502406132146E+01	5.544664925037E-02	1.618033988750E+00
18	1.498979340766E+01	1.502406132146E+01	3.426791379902E-02	1.618033988750E+00
19	1.498979340766E+01	1.501097214311E+01	2.117873545135E-02	1.618033988750E+00
20	1.498979340766E+01	1.500288258601E+01	1.308917834768E-02	1.618033988750E+00
21	1.499479302891E+01	1.500288258601E+01	8.089557103672E-03	1.618033988750E+00
22	1.499788296477E+01	1.500288258601E+01	4.999621244002E-03	1.618033988750E+00
23	1.499788296477E+01	1.500097290062E+01	3.089935859670E-03	1.618033988750E+00
24	1.499906321524E+01	1.500097290062E+01	1.909685384334E-03	1.618033988749E+00
25	1.499906321524E+01	1.500024346572E+01	1.180250475338E-03	1.618033988749E+00
26	1.499951403081E+01	1.500024346572E+01	7.294349089975E-04	1.618033988749E+00
27	1.499979265015E+01	1.500024346572E+01	4.508155663423E-04	1.618033988746E+00
28	1.499979265015E+01	1.500007126949E+01	2.786193426569E-04	1.618033988751E+00
29	1.499989907327E+01	1.500007126949E+01	1.721962236854E-04	1.618033988748E+00
30	1.499996484637E+01	1.500007126949E+01	1.064231189716E-04	1.618033988755E+00
31	1.499996484637E+01	1.500003061948E+01	6.577310471378E-05	1.618033988736E+00
32	1.499998996946E+01	1.500003061948E+01	4.065001425957E-05	1.618033988716E+00
33	1.499998996946E+01	1.500001509255E+01	2.512309045599E-05	1.618033988723E+00
34	1.499998996946E+01	1.500000549639E+01	1.552692380358E-05	1.618033988819E+00
35	1.499999590022E+01	1.500000549639E+01	9.596166650638E-06	1.618033988868E+00
36	1.499999590022E+01	1.500000183098E+01	5.930757151162E-06	1.618033988925E+00
37	1.499999816557E+01	1.500000183098E+01	3.665409497700E-06	1.618033989077E+00
38	1.499999956563E+01	1.500000183098E+01	2.265347651687E-06	1.618033989163E+00
39	1.499999956563E+01	1.500000096569E+01	1.400061844237E-06	1.618033989721E+00
40	1.499999956563E+01	1.500000043092E+01	8.652858056735E-07	1.618033989529E+00
41	1.499999989614E+01	1.500000043092E+01	5.347760385632E-07	1.618033986710E+00
42	1.499999989614E+01	1.500000022665E+01	3.305097688866E-07	1.618033985394E+00
43	1.499999989614E+01	1.500000010041E+01	2.042662714530E-07	1.618033983465E+00
44	1.499999989614E+01	1.500000002238E+01	1.262434974336E-07	1.618034002586E+00
45	1.499999994436E+01	1.500000002238E+01	7.802277224300E-08	1.618033989364E+00
46	1.499999997416E+01	1.500000002238E+01	4.822072519062E-08	1.618033987141E+00
47	1.499999997416E+01	1.500000000396E+01	2.980204705239E-08	1.618033992962E+00
48	1.499999997416E+01	1.499999999258E+01	1.841867813823E-08	1.618033977722E+00
49	1.499999997416E+01	1.499999998555E+01	1.138336891415E-08	1.618034017621E+00
50	1.499999997851E+01	1.499999998555E+01	7.035309224079E-09	1.618033913164E+00
51	1.499999997851E+01	1.499999998286E+01	4.348059690074E-09	1.618034186637E+00
52	1.499999997851E+01	1.499999998120E+01	2.687249534006E-09	1.618033470674E+00
53	1.499999997851E+01	1.499999998017E+01	1.660810156068E-09	1.618035345092E+00
54	1.499999997851E+01	1.499999997954E+01	1.026437601581E-09	1.618033237977E+00
55	1.499999997890E+01	1.499999997954E+01	6.343725544866E-10	1.618035954301E+00
56	1.499999997890E+01	1.499999997930E+01	3.920632707377E-10	1.618036173837E+00
57	1.499999997890E+01	1.499999997915E+01	2.423075073921E-10	1.618040129905E+00
58	1.499999997890E+01	1.499999997905E+01	1.497539869888E-10	1.618037103815E+00
59	1.499999997890E+01	1.499999997900E+01	9.255352040327E-11	1.618025833445E+00
60	1.499999997890E+01	1.499999997896E+01	5.720046658553E-11	1.618055339896E+00
61	1.499999997892E+01	1.499999997896E+01	3.535127746090E-11	1.618059394000E+00
62	1.499999997892E+01	1.499999997895E+01	2.184741276778E-11	1.618099032442E+00
63	1.499999997892E+01	1.499999997894E+01	1.350386469312E-11	1.617863720074E+00
64	1.499999997892E+01	1.499999997893E+01	8.345324431502E-12	1.618135376756E+00
65	1.499999997892E+01	1.499999997893E+01	5.158540261618E-12	1.617768595041E+00
66	1.499999997892E+01	1.499999997893E+01	3.186784169884E-12	1.618729096990E+00
67	1.499999997893E+01	1.499999997893E+01	1.969979734895E-12	1.617673579802E+00
68	1.499999997893E+01	1.499999997893E+01	1.216804434989E-12	1.618978102190E+00
69	1.499999997893E+01	1.499999997893E+01	7.513989430663E-13	1.619385342790E+00
70	1.499999997893E+01	1.499999997893E+01	4.636291350835E-13	1.620689655172E+00
71	1.499999997893E+01	1.499999997893E+01	2.877698079828E-13	1.611111111111E+00
72	1.499999997893E+01	1.499999997893E+01	1.776356839400E-13	1.620000000000E+00
73	1.499999997893E+01	1.499999997893E+01	1.101341240428E-13	1.612903225806E+00
74	1.499999997893E+01	1.499999997893E+01	6.750155989721E-14	1.631578947368E+00
75	1.499999997893E+01	1.499999997893E+01	4.263256414561E-14	1.583333333333E+00
76	1.499999997893E+01	1.499999997893E+01	2.664535259100E-14	1.600000000000E+00
77	1.499999997893E+01	1.499999997893E+01	1.598721155460E-14	1.666666666667E+00
78	1.499999997893E+01	1.499999997893E+01	1.065814103640E-14	1.500000000000E+00
79	1.499999997893E+01	1.499999997893E+01	5.329070518201E-15	2.000000000000E+00
Result:	14.9999999789265743
Iter:	79
Error:	1.405E-09

