Eps	Interval		Length	Iterations
1.0E-01	[6.300000, 25.500000]	19.200000	6
1.0E-02	[5.110000, 20.470000]	15.360000	9
1.0E-03	[8.191000, 32.767000]	24.576000	13
1.0E-04	[6.553500, 26.214300]	19.660800	16
1.0E-05	[5.242870, 20.971510]	15.728640	19
1.0E-06	[8.388607, 33.554431]	25.165824	23
1.0E-07	[6.710886, 26.843546]	20.132659	26
1.0E-08	[5.368709, 21.474836]	16.106127	29
1.0E-09	[8.589935, 34.359738]	25.769804	33
1.0E-10	[6.871948, 27.487791]	20.615843	36
1.0E-11	[5.497558, 21.990233]	16.492674	39
1.0E-12	[8.796093, 35.184372]	26.388279	43
1.0E-13	[7.036874, 28.147498]	21.110623	46
1.0E-14	[5.629500, 22.517998]	16.888499	49
