x0	|xmin-x0|	Interval		Length	Iterations
-100.00	115.00	[-57.050327, 71.798692]	128.849019	32
-90.00	105.00	[-47.050327, 81.798692]	128.849019	32
-80.00	95.00	[-37.050327, 91.798692]	128.849019	32
-70.00	85.00	[-27.050327, 101.798692]	128.849019	32
-60.00	75.00	[-17.050327, 111.798692]	128.849019	32
-50.00	65.00	[-7.050327, 121.798692]	128.849019	32
-40.00	55.00	[-18.525164, 45.899346]	64.424509	31
-30.00	45.00	[-8.525164, 55.899346]	64.424509	31
-20.00	35.00	[1.474836, 65.899346]	64.424509	31
-10.00	25.00	[0.737418, 32.949673]	32.212255	30
0.00	15.00	[5.368709, 21.474836]	16.106127	29
10.00	5.00	[12.684355, 20.737418]	8.053064	28
20.00	5.00	[9.262582, 17.315645]	8.053064	28
30.00	15.00	[8.525164, 24.631291]	16.106127	29
40.00	25.00	[-2.949673, 29.262582]	32.212255	30
50.00	35.00	[-35.899346, 28.525164]	64.424509	31
60.00	45.00	[-25.899346, 38.525164]	64.424509	31
70.00	55.00	[-15.899346, 48.525164]	64.424509	31
80.00	65.00	[-91.798692, 37.050327]	128.849019	32
90.00	75.00	[-81.798692, 47.050327]	128.849019	32
100.00	85.00	[-71.798692, 57.050327]	128.849019	32
