256
0 18 15 16 
8 18 37 44 
6 44 35 16 
5 15 35 37 
18 16 15 37 
18 16 44 37 
35 16 15 37 
35 16 44 37 
2 26 24 23 
13 26 59 47 
6 47 45 23 
9 24 45 59 
26 23 24 59 
26 23 47 59 
45 23 24 59 
45 23 47 59 
1 22 19 20 
11 22 40 57 
9 57 38 20 
5 19 38 40 
22 20 19 40 
22 20 57 40 
38 20 19 40 
38 20 57 40 
4 32 33 31 
11 32 64 53 
8 53 54 31 
13 33 54 64 
32 31 33 64 
32 31 53 64 
54 31 33 64 
54 31 53 64 
6 44 47 35 
8 44 54 37 
5 37 41 35 
13 47 41 54 
44 35 47 54 
44 35 37 54 
41 35 47 54 
41 35 37 54 
6 45 47 35 
9 45 59 38 
5 38 41 35 
13 47 41 59 
45 35 47 59 
45 35 38 59 
41 35 47 59 
41 35 38 59 
11 53 64 40 
8 53 54 37 
5 37 41 40 
13 64 41 54 
53 40 64 54 
53 40 37 54 
41 40 64 54 
41 40 37 54 
11 57 64 40 
9 57 59 38 
5 38 41 40 
13 64 41 59 
57 40 64 59 
57 40 38 59 
41 40 64 59 
41 40 38 59 
0 18 15 17 
8 18 37 49 
7 49 36 17 
5 15 36 37 
18 17 15 37 
18 17 49 37 
36 17 15 37 
36 17 49 37 
3 30 28 27 
14 30 63 52 
7 52 50 27 
10 28 50 63 
30 27 28 63 
30 27 52 63 
50 27 28 63 
50 27 52 63 
1 22 19 21 
11 22 40 61 
10 61 39 21 
5 19 39 40 
22 21 19 40 
22 21 61 40 
39 21 19 40 
39 21 61 40 
4 32 34 31 
11 32 65 53 
8 53 55 31 
14 34 55 65 
32 31 34 65 
32 31 53 65 
55 31 34 65 
55 31 53 65 
7 49 52 36 
8 49 55 37 
5 37 42 36 
14 52 42 55 
49 36 52 55 
49 36 37 55 
42 36 52 55 
42 36 37 55 
7 50 52 36 
10 50 63 39 
5 39 42 36 
14 52 42 63 
50 36 52 63 
50 36 39 63 
42 36 52 63 
42 36 39 63 
11 53 65 40 
8 53 55 37 
5 37 42 40 
14 65 42 55 
53 40 65 55 
53 40 37 55 
42 40 65 55 
42 40 37 55 
11 61 65 40 
10 61 63 39 
5 39 42 40 
14 65 42 63 
61 40 65 63 
61 40 39 63 
42 40 65 63 
42 40 39 63 
0 18 16 17 
8 18 44 49 
7 49 43 17 
6 16 43 44 
18 17 16 44 
18 17 49 44 
43 17 16 44 
43 17 49 44 
3 30 29 27 
14 30 67 52 
7 52 51 27 
12 29 51 67 
30 27 29 67 
30 27 52 67 
51 27 29 67 
51 27 52 67 
2 26 23 25 
13 26 47 66 
12 66 46 25 
6 23 46 47 
26 25 23 47 
26 25 66 47 
46 25 23 47 
46 25 66 47 
4 33 34 31 
13 33 68 54 
8 54 55 31 
14 34 55 68 
33 31 34 68 
33 31 54 68 
55 31 34 68 
55 31 54 68 
7 49 52 43 
8 49 55 44 
6 44 48 43 
14 52 48 55 
49 43 52 55 
49 43 44 55 
48 43 52 55 
48 43 44 55 
7 51 52 43 
12 51 67 46 
6 46 48 43 
14 52 48 67 
51 43 52 67 
51 43 46 67 
48 43 52 67 
48 43 46 67 
13 54 68 47 
8 54 55 44 
6 44 48 47 
14 68 48 55 
54 47 68 55 
54 47 44 55 
48 47 68 55 
48 47 44 55 
13 66 68 47 
12 66 67 46 
6 46 48 47 
14 68 48 67 
66 47 68 67 
66 47 46 67 
48 47 68 67 
48 47 46 67 
1 22 20 21 
11 22 57 61 
10 61 56 21 
9 20 56 57 
22 21 20 57 
22 21 61 57 
56 21 20 57 
56 21 61 57 
3 30 29 28 
14 30 67 63 
10 63 62 28 
12 29 62 67 
30 28 29 67 
30 28 63 67 
62 28 29 67 
62 28 63 67 
2 26 24 25 
13 26 59 66 
12 66 58 25 
9 24 58 59 
26 25 24 59 
26 25 66 59 
58 25 24 59 
58 25 66 59 
4 33 34 32 
13 33 68 64 
11 64 65 32 
14 34 65 68 
33 32 34 68 
33 32 64 68 
65 32 34 68 
65 32 64 68 
10 61 63 56 
11 61 65 57 
9 57 60 56 
14 63 60 65 
61 56 63 65 
61 56 57 65 
60 56 63 65 
60 56 57 65 
10 62 63 56 
12 62 67 58 
9 58 60 56 
14 63 60 67 
62 56 63 67 
62 56 58 67 
60 56 63 67 
60 56 58 67 
13 64 68 59 
11 64 65 57 
9 57 60 59 
14 68 60 65 
64 59 68 65 
64 59 57 65 
60 59 68 65 
60 59 57 65 
13 66 68 59 
12 66 67 58 
9 58 60 59 
14 68 60 67 
66 59 68 67 
66 59 58 67 
60 59 68 67 
60 59 58 67 
