768
0 1 10 
0 9 10 
9 10 19 
9 18 19 
18 19 28 
18 27 28 
27 28 37 
27 36 37 
36 37 46 
36 45 46 
45 46 55 
45 54 55 
54 55 64 
54 63 64 
63 64 73 
63 72 73 
1 2 11 
1 10 11 
10 11 20 
10 19 20 
19 20 29 
19 28 29 
28 29 38 
28 37 38 
37 38 47 
37 46 47 
46 47 56 
46 55 56 
55 56 65 
55 64 65 
64 65 74 
64 73 74 
2 3 12 
2 11 12 
11 12 21 
11 20 21 
20 21 30 
20 29 30 
29 30 39 
29 38 39 
38 39 48 
38 47 48 
47 48 57 
47 56 57 
56 57 66 
56 65 66 
65 66 75 
65 74 75 
3 4 13 
3 12 13 
12 13 22 
12 21 22 
21 22 31 
21 30 31 
30 31 40 
30 39 40 
39 40 49 
39 48 49 
48 49 58 
48 57 58 
57 58 67 
57 66 67 
66 67 76 
66 75 76 
4 5 14 
4 13 14 
13 14 23 
13 22 23 
22 23 32 
22 31 32 
31 32 41 
31 40 41 
40 41 50 
40 49 50 
49 50 59 
49 58 59 
58 59 68 
58 67 68 
67 68 77 
67 76 77 
5 6 15 
5 14 15 
14 15 24 
14 23 24 
23 24 33 
23 32 33 
32 33 42 
32 41 42 
41 42 51 
41 50 51 
50 51 60 
50 59 60 
59 60 69 
59 68 69 
68 69 78 
68 77 78 
6 7 16 
6 15 16 
15 16 25 
15 24 25 
24 25 34 
24 33 34 
33 34 43 
33 42 43 
42 43 52 
42 51 52 
51 52 61 
51 60 61 
60 61 70 
60 69 70 
69 70 79 
69 78 79 
7 8 17 
7 16 17 
16 17 26 
16 25 26 
25 26 35 
25 34 35 
34 35 44 
34 43 44 
43 44 53 
43 52 53 
52 53 62 
52 61 62 
61 62 71 
61 70 71 
70 71 80 
70 79 80 
648 649 658 
648 657 658 
657 658 667 
657 666 667 
666 667 676 
666 675 676 
675 676 685 
675 684 685 
684 685 694 
684 693 694 
693 694 703 
693 702 703 
702 703 712 
702 711 712 
711 712 721 
711 720 721 
649 650 659 
649 658 659 
658 659 668 
658 667 668 
667 668 677 
667 676 677 
676 677 686 
676 685 686 
685 686 695 
685 694 695 
694 695 704 
694 703 704 
703 704 713 
703 712 713 
712 713 722 
712 721 722 
650 651 660 
650 659 660 
659 660 669 
659 668 669 
668 669 678 
668 677 678 
677 678 687 
677 686 687 
686 687 696 
686 695 696 
695 696 705 
695 704 705 
704 705 714 
704 713 714 
713 714 723 
713 722 723 
651 652 661 
651 660 661 
660 661 670 
660 669 670 
669 670 679 
669 678 679 
678 679 688 
678 687 688 
687 688 697 
687 696 697 
696 697 706 
696 705 706 
705 706 715 
705 714 715 
714 715 724 
714 723 724 
652 653 662 
652 661 662 
661 662 671 
661 670 671 
670 671 680 
670 679 680 
679 680 689 
679 688 689 
688 689 698 
688 697 698 
697 698 707 
697 706 707 
706 707 716 
706 715 716 
715 716 725 
715 724 725 
653 654 663 
653 662 663 
662 663 672 
662 671 672 
671 672 681 
671 680 681 
680 681 690 
680 689 690 
689 690 699 
689 698 699 
698 699 708 
698 707 708 
707 708 717 
707 716 717 
716 717 726 
716 725 726 
654 655 664 
654 663 664 
663 664 673 
663 672 673 
672 673 682 
672 681 682 
681 682 691 
681 690 691 
690 691 700 
690 699 700 
699 700 709 
699 708 709 
708 709 718 
708 717 718 
717 718 727 
717 726 727 
655 656 665 
655 664 665 
664 665 674 
664 673 674 
673 674 683 
673 682 683 
682 683 692 
682 691 692 
691 692 701 
691 700 701 
700 701 710 
700 709 710 
709 710 719 
709 718 719 
718 719 728 
718 727 728 
0 1 81 
1 81 82 
81 82 162 
82 162 163 
162 163 243 
163 243 244 
243 244 324 
244 324 325 
324 325 405 
325 405 406 
405 406 486 
406 486 487 
486 487 567 
487 567 568 
567 568 648 
568 648 649 
1 2 82 
2 82 83 
82 83 163 
83 163 164 
163 164 244 
164 244 245 
244 245 325 
245 325 326 
325 326 406 
326 406 407 
406 407 487 
407 487 488 
487 488 568 
488 568 569 
568 569 649 
569 649 650 
2 3 83 
3 83 84 
83 84 164 
84 164 165 
164 165 245 
165 245 246 
245 246 326 
246 326 327 
326 327 407 
327 407 408 
407 408 488 
408 488 489 
488 489 569 
489 569 570 
569 570 650 
570 650 651 
3 4 84 
4 84 85 
84 85 165 
85 165 166 
165 166 246 
166 246 247 
246 247 327 
247 327 328 
327 328 408 
328 408 409 
408 409 489 
409 489 490 
489 490 570 
490 570 571 
570 571 651 
571 651 652 
4 5 85 
5 85 86 
85 86 166 
86 166 167 
166 167 247 
167 247 248 
247 248 328 
248 328 329 
328 329 409 
329 409 410 
409 410 490 
410 490 491 
490 491 571 
491 571 572 
571 572 652 
572 652 653 
5 6 86 
6 86 87 
86 87 167 
87 167 168 
167 168 248 
168 248 249 
248 249 329 
249 329 330 
329 330 410 
330 410 411 
410 411 491 
411 491 492 
491 492 572 
492 572 573 
572 573 653 
573 653 654 
6 7 87 
7 87 88 
87 88 168 
88 168 169 
168 169 249 
169 249 250 
249 250 330 
250 330 331 
330 331 411 
331 411 412 
411 412 492 
412 492 493 
492 493 573 
493 573 574 
573 574 654 
574 654 655 
7 8 88 
8 88 89 
88 89 169 
89 169 170 
169 170 250 
170 250 251 
250 251 331 
251 331 332 
331 332 412 
332 412 413 
412 413 493 
413 493 494 
493 494 574 
494 574 575 
574 575 655 
575 655 656 
72 73 153 
73 153 154 
153 154 234 
154 234 235 
234 235 315 
235 315 316 
315 316 396 
316 396 397 
396 397 477 
397 477 478 
477 478 558 
478 558 559 
558 559 639 
559 639 640 
639 640 720 
640 720 721 
73 74 154 
74 154 155 
154 155 235 
155 235 236 
235 236 316 
236 316 317 
316 317 397 
317 397 398 
397 398 478 
398 478 479 
478 479 559 
479 559 560 
559 560 640 
560 640 641 
640 641 721 
641 721 722 
74 75 155 
75 155 156 
155 156 236 
156 236 237 
236 237 317 
237 317 318 
317 318 398 
318 398 399 
398 399 479 
399 479 480 
479 480 560 
480 560 561 
560 561 641 
561 641 642 
641 642 722 
642 722 723 
75 76 156 
76 156 157 
156 157 237 
157 237 238 
237 238 318 
238 318 319 
318 319 399 
319 399 400 
399 400 480 
400 480 481 
480 481 561 
481 561 562 
561 562 642 
562 642 643 
642 643 723 
643 723 724 
76 77 157 
77 157 158 
157 158 238 
158 238 239 
238 239 319 
239 319 320 
319 320 400 
320 400 401 
400 401 481 
401 481 482 
481 482 562 
482 562 563 
562 563 643 
563 643 644 
643 644 724 
644 724 725 
77 78 158 
78 158 159 
158 159 239 
159 239 240 
239 240 320 
240 320 321 
320 321 401 
321 401 402 
401 402 482 
402 482 483 
482 483 563 
483 563 564 
563 564 644 
564 644 645 
644 645 725 
645 725 726 
78 79 159 
79 159 160 
159 160 240 
160 240 241 
240 241 321 
241 321 322 
321 322 402 
322 402 403 
402 403 483 
403 483 484 
483 484 564 
484 564 565 
564 565 645 
565 645 646 
645 646 726 
646 726 727 
79 80 160 
80 160 161 
160 161 241 
161 241 242 
241 242 322 
242 322 323 
322 323 403 
323 403 404 
403 404 484 
404 484 485 
484 485 565 
485 565 566 
565 566 646 
566 646 647 
646 647 727 
647 727 728 
0 9 90 
0 81 90 
81 90 171 
81 162 171 
162 171 252 
162 243 252 
243 252 333 
243 324 333 
324 333 414 
324 405 414 
405 414 495 
405 486 495 
486 495 576 
486 567 576 
567 576 657 
567 648 657 
9 18 99 
9 90 99 
90 99 180 
90 171 180 
171 180 261 
171 252 261 
252 261 342 
252 333 342 
333 342 423 
333 414 423 
414 423 504 
414 495 504 
495 504 585 
495 576 585 
576 585 666 
576 657 666 
18 27 108 
18 99 108 
99 108 189 
99 180 189 
180 189 270 
180 261 270 
261 270 351 
261 342 351 
342 351 432 
342 423 432 
423 432 513 
423 504 513 
504 513 594 
504 585 594 
585 594 675 
585 666 675 
27 36 117 
27 108 117 
108 117 198 
108 189 198 
189 198 279 
189 270 279 
270 279 360 
270 351 360 
351 360 441 
351 432 441 
432 441 522 
432 513 522 
513 522 603 
513 594 603 
594 603 684 
594 675 684 
36 45 126 
36 117 126 
117 126 207 
117 198 207 
198 207 288 
198 279 288 
279 288 369 
279 360 369 
360 369 450 
360 441 450 
441 450 531 
441 522 531 
522 531 612 
522 603 612 
603 612 693 
603 684 693 
45 54 135 
45 126 135 
126 135 216 
126 207 216 
207 216 297 
207 288 297 
288 297 378 
288 369 378 
369 378 459 
369 450 459 
450 459 540 
450 531 540 
531 540 621 
531 612 621 
612 621 702 
612 693 702 
54 63 144 
54 135 144 
135 144 225 
135 216 225 
216 225 306 
216 297 306 
297 306 387 
297 378 387 
378 387 468 
378 459 468 
459 468 549 
459 540 549 
540 549 630 
540 621 630 
621 630 711 
621 702 711 
63 72 153 
63 144 153 
144 153 234 
144 225 234 
225 234 315 
225 306 315 
306 315 396 
306 387 396 
387 396 477 
387 468 477 
468 477 558 
468 549 558 
549 558 639 
549 630 639 
630 639 720 
630 711 720 
8 17 98 
8 89 98 
89 98 179 
89 170 179 
170 179 260 
170 251 260 
251 260 341 
251 332 341 
332 341 422 
332 413 422 
413 422 503 
413 494 503 
494 503 584 
494 575 584 
575 584 665 
575 656 665 
17 26 107 
17 98 107 
98 107 188 
98 179 188 
179 188 269 
179 260 269 
260 269 350 
260 341 350 
341 350 431 
341 422 431 
422 431 512 
422 503 512 
503 512 593 
503 584 593 
584 593 674 
584 665 674 
26 35 116 
26 107 116 
107 116 197 
107 188 197 
188 197 278 
188 269 278 
269 278 359 
269 350 359 
350 359 440 
350 431 440 
431 440 521 
431 512 521 
512 521 602 
512 593 602 
593 602 683 
593 674 683 
35 44 125 
35 116 125 
116 125 206 
116 197 206 
197 206 287 
197 278 287 
278 287 368 
278 359 368 
359 368 449 
359 440 449 
440 449 530 
440 521 530 
521 530 611 
521 602 611 
602 611 692 
602 683 692 
44 53 134 
44 125 134 
125 134 215 
125 206 215 
206 215 296 
206 287 296 
287 296 377 
287 368 377 
368 377 458 
368 449 458 
449 458 539 
449 530 539 
530 539 620 
530 611 620 
611 620 701 
611 692 701 
53 62 143 
53 134 143 
134 143 224 
134 215 224 
215 224 305 
215 296 305 
296 305 386 
296 377 386 
377 386 467 
377 458 467 
458 467 548 
458 539 548 
539 548 629 
539 620 629 
620 629 710 
620 701 710 
62 71 152 
62 143 152 
143 152 233 
143 224 233 
224 233 314 
224 305 314 
305 314 395 
305 386 395 
386 395 476 
386 467 476 
467 476 557 
467 548 557 
548 557 638 
548 629 638 
629 638 719 
629 710 719 
71 80 161 
71 152 161 
152 161 242 
152 233 242 
233 242 323 
233 314 323 
314 323 404 
314 395 404 
395 404 485 
395 476 485 
476 485 566 
476 557 566 
557 566 647 
557 638 647 
638 647 728 
638 719 728 
