15002
0
1
2
3
4
5
6
7
8
9
10
11
12
13
14
15
16
17
18
19
20
21
22
23
24
25
26
27
28
29
30
31
32
33
34
35
36
37
38
39
40
41
42
43
44
45
46
47
48
49
50
51
52
53
54
55
56
57
58
59
60
61
62
63
64
65
66
67
68
69
70
71
72
73
74
75
76
77
78
79
80
81
82
83
84
85
86
87
88
89
90
91
92
93
94
95
96
97
98
99
100
101
102
103
104
105
106
107
108
109
110
111
112
113
114
115
116
117
118
119
120
121
122
123
124
125
126
127
128
129
130
131
132
133
134
135
136
137
138
139
140
141
142
143
144
145
146
147
148
149
150
151
152
153
154
155
156
157
158
159
160
161
162
163
164
165
166
167
168
169
170
171
172
173
174
175
176
177
178
179
180
181
182
183
184
185
186
187
188
189
190
191
192
193
194
195
196
197
198
199
200
201
202
203
204
205
206
207
208
209
210
211
212
213
214
215
216
217
218
219
220
221
222
223
224
225
226
227
228
229
230
231
232
233
234
235
236
237
238
239
240
241
242
243
244
245
246
247
248
249
250
251
252
253
254
255
256
257
258
259
260
261
262
263
264
265
266
267
268
269
270
271
272
273
274
275
276
277
278
279
280
281
282
283
284
285
286
287
288
289
290
291
292
293
294
295
296
297
298
299
300
301
302
303
304
305
306
307
308
309
310
311
312
313
314
315
316
317
318
319
320
321
322
323
324
325
326
327
328
329
330
331
332
333
334
335
336
337
338
339
340
341
342
343
344
345
346
347
348
349
350
351
352
353
354
355
356
357
358
359
360
361
362
363
364
365
366
367
368
369
370
371
372
373
374
375
376
377
378
379
380
381
382
383
384
385
386
387
388
389
390
391
392
393
394
395
396
397
398
399
400
401
402
403
404
405
406
407
408
409
410
411
412
413
414
415
416
417
418
419
420
421
422
423
424
425
426
427
428
429
430
431
432
433
434
435
436
437
438
439
440
441
442
443
444
445
446
447
448
449
450
451
452
453
454
455
456
457
458
459
460
461
462
463
464
465
466
467
468
469
470
471
472
473
474
475
476
477
478
479
480
481
482
483
484
485
486
487
488
489
490
491
492
493
494
495
496
497
498
499
500
501
502
503
504
505
506
507
508
509
510
511
512
513
514
515
516
517
518
519
520
521
522
523
524
525
526
527
528
529
530
531
532
533
534
535
536
537
538
539
540
541
542
543
544
545
546
547
548
549
550
551
552
553
554
555
556
557
558
559
560
561
562
563
564
565
566
567
568
569
570
571
572
573
574
575
576
577
578
579
580
581
582
583
584
585
586
587
588
589
590
591
592
593
594
595
596
597
598
599
600
601
602
603
604
605
606
607
608
609
610
611
612
613
614
615
616
617
618
619
620
621
622
623
624
625
626
627
628
629
630
631
632
633
634
635
636
637
638
639
640
641
642
643
644
645
646
647
648
649
650
651
652
653
654
655
656
657
658
659
660
661
662
663
664
665
666
667
668
669
670
671
672
673
674
675
676
677
678
679
680
681
682
683
684
685
686
687
688
689
690
691
692
693
694
695
696
697
698
699
700
701
702
703
704
705
706
707
708
709
710
711
712
713
714
715
716
717
718
719
720
721
722
723
724
725
726
727
728
729
730
731
732
733
734
735
736
737
738
739
740
741
742
743
744
745
746
747
748
749
750
751
752
753
754
755
756
757
758
759
760
761
762
763
764
765
766
767
768
769
770
771
772
773
774
775
776
777
778
779
780
781
782
783
784
785
786
787
788
789
790
791
792
793
794
795
796
797
798
799
800
801
802
803
804
805
806
807
808
809
810
811
812
813
814
815
816
817
818
819
820
821
822
823
824
825
826
827
828
829
830
831
832
833
834
835
836
837
838
839
840
841
842
843
844
845
846
847
848
849
850
851
852
853
854
855
856
857
858
859
860
861
862
863
864
865
866
867
868
869
870
871
872
873
874
875
876
877
878
879
880
881
882
883
884
885
886
887
888
889
890
891
892
893
894
895
896
897
898
899
900
901
902
903
904
905
906
907
908
909
910
911
912
913
914
915
916
917
918
919
920
921
922
923
924
925
926
927
928
929
930
931
932
933
934
935
936
937
938
939
940
941
942
943
944
945
946
947
948
949
950
951
952
953
954
955
956
957
958
959
960
961
962
963
964
965
966
967
968
969
970
971
972
973
974
975
976
977
978
979
980
981
982
983
984
985
986
987
988
989
990
991
992
993
994
995
996
997
998
999
1000
1001
1002
1003
1004
1005
1006
1007
1008
1009
1010
1011
1012
1013
1014
1015
1016
1017
1018
1019
1020
1021
1022
1023
1024
1025
1026
1027
1028
1029
1030
1031
1032
1033
1034
1035
1036
1037
1038
1039
1040
1041
1042
1043
1044
1045
1046
1047
1048
1049
1050
1051
1052
1053
1054
1055
1056
1057
1058
1059
1060
1061
1062
1063
1064
1065
1066
1067
1068
1069
1070
1071
1072
1073
1074
1075
1076
1077
1078
1079
1080
1081
1082
1083
1084
1085
1086
1087
1088
1089
1090
1091
1092
1093
1094
1095
1096
1097
1098
1099
1100
1101
1102
1103
1104
1105
1106
1107
1108
1109
1110
1111
1112
1113
1114
1115
1116
1117
1118
1119
1120
1121
1122
1123
1124
1125
1126
1127
1128
1129
1130
1131
1132
1133
1134
1135
1136
1137
1138
1139
1140
1141
1142
1143
1144
1145
1146
1147
1148
1149
1150
1151
1152
1153
1154
1155
1156
1157
1158
1159
1160
1161
1162
1163
1164
1165
1166
1167
1168
1169
1170
1171
1172
1173
1174
1175
1176
1177
1178
1179
1180
1181
1182
1183
1184
1185
1186
1187
1188
1189
1190
1191
1192
1193
1194
1195
1196
1197
1198
1199
1200
1201
1202
1203
1204
1205
1206
1207
1208
1209
1210
1211
1212
1213
1214
1215
1216
1217
1218
1219
1220
1221
1222
1223
1224
1225
1226
1227
1228
1229
1230
1231
1232
1233
1234
1235
1236
1237
1238
1239
1240
1241
1242
1243
1244
1245
1246
1247
1248
1249
1250
1251
1252
1253
1254
1255
1256
1257
1258
1259
1260
1261
1262
1263
1264
1265
1266
1267
1268
1269
1270
1271
1272
1273
1274
1275
1276
1277
1278
1279
1280
1281
1282
1283
1284
1285
1286
1287
1288
1289
1290
1291
1292
1293
1294
1295
1296
1297
1298
1299
1300
1301
1302
1303
1304
1305
1306
1307
1308
1309
1310
1311
1312
1313
1314
1315
1316
1317
1318
1319
1320
1321
1322
1323
1324
1325
1326
1327
1328
1329
1330
1331
1332
1333
1334
1335
1336
1337
1338
1339
1340
1341
1342
1343
1344
1345
1346
1347
1348
1349
1350
1351
1352
1353
1354
1355
1356
1357
1358
1359
1360
1361
1362
1363
1364
1365
1366
1367
1368
1369
1370
1371
1372
1373
1374
1375
1376
1377
1378
1379
1380
1381
1382
1383
1384
1385
1386
1387
1388
1389
1390
1391
1392
1393
1394
1395
1396
1397
1398
1399
1400
1401
1402
1403
1404
1405
1406
1407
1408
1409
1410
1411
1412
1413
1414
1415
1416
1417
1418
1419
1420
1421
1422
1423
1424
1425
1426
1427
1428
1429
1430
1431
1432
1433
1434
1435
1436
1437
1438
1439
1440
1441
1442
1443
1444
1445
1446
1447
1448
1449
1450
1451
1452
1453
1454
1455
1456
1457
1458
1459
1460
1461
1462
1463
1464
1465
1466
1467
1468
1469
1470
1471
1472
1473
1474
1475
1476
1477
1478
1479
1480
1481
1482
1483
1484
1485
1486
1487
1488
1489
1490
1491
1492
1493
1494
1495
1496
1497
1498
1499
1500
1501
1502
1503
1504
1505
1506
1507
1508
1509
1510
1511
1512
1513
1514
1515
1516
1517
1518
1519
1520
1521
1522
1523
1524
1525
1526
1527
1528
1529
1530
1531
1532
1533
1534
1535
1536
1537
1538
1539
1540
1541
1542
1543
1544
1545
1546
1547
1548
1549
1550
1551
1552
1553
1554
1555
1556
1557
1558
1559
1560
1561
1562
1563
1564
1565
1566
1567
1568
1569
1570
1571
1572
1573
1574
1575
1576
1577
1578
1579
1580
1581
1582
1583
1584
1585
1586
1587
1588
1589
1590
1591
1592
1593
1594
1595
1596
1597
1598
1599
1600
1601
1602
1603
1604
1605
1606
1607
1608
1609
1610
1611
1612
1613
1614
1615
1616
1617
1618
1619
1620
1621
1622
1623
1624
1625
1626
1627
1628
1629
1630
1631
1632
1633
1634
1635
1636
1637
1638
1639
1640
1641
1642
1643
1644
1645
1646
1647
1648
1649
1650
1651
1652
1653
1654
1655
1656
1657
1658
1659
1660
1661
1662
1663
1664
1665
1666
1667
1668
1669
1670
1671
1672
1673
1674
1675
1676
1677
1678
1679
1680
1681
1682
1683
1684
1685
1686
1687
1688
1689
1690
1691
1692
1693
1694
1695
1696
1697
1698
1699
1700
1701
1702
1703
1704
1705
1706
1707
1708
1709
1710
1711
1712
1713
1714
1715
1716
1717
1718
1719
1720
1721
1722
1723
1724
1725
1726
1727
1728
1729
1730
1731
1732
1733
1734
1735
1736
1737
1738
1739
1740
1741
1742
1743
1744
1745
1746
1747
1748
1749
1750
1751
1752
1753
1754
1755
1756
1757
1758
1759
1760
1761
1762
1763
1764
1765
1766
1767
1768
1769
1770
1771
1772
1773
1774
1775
1776
1777
1778
1779
1780
1781
1782
1783
1784
1785
1786
1787
1788
1789
1790
1791
1792
1793
1794
1795
1796
1797
1798
1799
1800
1801
1802
1803
1804
1805
1806
1807
1808
1809
1810
1811
1812
1813
1814
1815
1816
1817
1818
1819
1820
1821
1822
1823
1824
1825
1826
1827
1828
1829
1830
1831
1832
1833
1834
1835
1836
1837
1838
1839
1840
1841
1842
1843
1844
1845
1846
1847
1848
1849
1850
1851
1852
1853
1854
1855
1856
1857
1858
1859
1860
1861
1862
1863
1864
1865
1866
1867
1868
1869
1870
1871
1872
1873
1874
1875
1876
1877
1878
1879
1880
1881
1882
1883
1884
1885
1886
1887
1888
1889
1890
1891
1892
1893
1894
1895
1896
1897
1898
1899
1900
1901
1902
1903
1904
1905
1906
1907
1908
1909
1910
1911
1912
1913
1914
1915
1916
1917
1918
1919
1920
1921
1922
1923
1924
1925
1926
1927
1928
1929
1930
1931
1932
1933
1934
1935
1936
1937
1938
1939
1940
1941
1942
1943
1944
1945
1946
1947
1948
1949
1950
1951
1952
1953
1954
1955
1956
1957
1958
1959
1960
1961
1962
1963
1964
1965
1966
1967
1968
1969
1970
1971
1972
1973
1974
1975
1976
1977
1978
1979
1980
1981
1982
1983
1984
1985
1986
1987
1988
1989
1990
1991
1992
1993
1994
1995
1996
1997
1998
1999
2000
2001
2002
2003
2004
2005
2006
2007
2008
2009
2010
2011
2012
2013
2014
2015
2016
2017
2018
2019
2020
2021
2022
2023
2024
2025
2026
2027
2028
2029
2030
2031
2032
2033
2034
2035
2036
2037
2038
2039
2040
2041
2042
2043
2044
2045
2046
2047
2048
2049
2050
2051
2052
2053
2054
2055
2056
2057
2058
2059
2060
2061
2062
2063
2064
2065
2066
2067
2068
2069
2070
2071
2072
2073
2074
2075
2076
2077
2078
2079
2080
2081
2082
2083
2084
2085
2086
2087
2088
2089
2090
2091
2092
2093
2094
2095
2096
2097
2098
2099
2100
2101
2102
2103
2104
2105
2106
2107
2108
2109
2110
2111
2112
2113
2114
2115
2116
2117
2118
2119
2120
2121
2122
2123
2124
2125
2126
2127
2128
2129
2130
2131
2132
2133
2134
2135
2136
2137
2138
2139
2140
2141
2142
2143
2144
2145
2146
2147
2148
2149
2150
2151
2152
2153
2154
2155
2156
2157
2158
2159
2160
2161
2162
2163
2164
2165
2166
2167
2168
2169
2170
2171
2172
2173
2174
2175
2176
2177
2178
2179
2180
2181
2182
2183
2184
2185
2186
2187
2188
2189
2190
2191
2192
2193
2194
2195
2196
2197
2198
2199
2200
2201
2202
2203
2204
2205
2206
2207
2208
2209
2210
2211
2212
2213
2214
2215
2216
2217
2218
2219
2220
2221
2222
2223
2224
2225
2226
2227
2228
2229
2230
2231
2232
2233
2234
2235
2236
2237
2238
2239
2240
2241
2242
2243
2244
2245
2246
2247
2248
2249
2250
2251
2252
2253
2254
2255
2256
2257
2258
2259
2260
2261
2262
2263
2264
2265
2266
2267
2268
2269
2270
2271
2272
2273
2274
2275
2276
2277
2278
2279
2280
2281
2282
2283
2284
2285
2286
2287
2288
2289
2290
2291
2292
2293
2294
2295
2296
2297
2298
2299
2300
2301
2302
2303
2304
2305
2306
2307
2308
2309
2310
2311
2312
2313
2314
2315
2316
2317
2318
2319
2320
2321
2322
2323
2324
2325
2326
2327
2328
2329
2330
2331
2332
2333
2334
2335
2336
2337
2338
2339
2340
2341
2342
2343
2344
2345
2346
2347
2348
2349
2350
2351
2352
2353
2354
2355
2356
2357
2358
2359
2360
2361
2362
2363
2364
2365
2366
2367
2368
2369
2370
2371
2372
2373
2374
2375
2376
2377
2378
2379
2380
2381
2382
2383
2384
2385
2386
2387
2388
2389
2390
2391
2392
2393
2394
2395
2396
2397
2398
2399
2400
2401
2402
2403
2404
2405
2406
2407
2408
2409
2410
2411
2412
2413
2414
2415
2416
2417
2418
2419
2420
2421
2422
2423
2424
2425
2426
2427
2428
2429
2430
2431
2432
2433
2434
2435
2436
2437
2438
2439
2440
2441
2442
2443
2444
2445
2446
2447
2448
2449
2450
2451
2452
2453
2454
2455
2456
2457
2458
2459
2460
2461
2462
2463
2464
2465
2466
2467
2468
2469
2470
2471
2472
2473
2474
2475
2476
2477
2478
2479
2480
2481
2482
2483
2484
2485
2486
2487
2488
2489
2490
2491
2492
2493
2494
2495
2496
2497
2498
2499
2500
2501
2502
2503
2504
2505
2506
2507
2508
2509
2510
2511
2512
2513
2514
2515
2516
2517
2518
2519
2520
2521
2522
2523
2524
2525
2526
2527
2528
2529
2530
2531
2532
2533
2534
2535
2536
2537
2538
2539
2540
2541
2542
2543
2544
2545
2546
2547
2548
2549
2550
2551
2552
2553
2554
2555
2556
2557
2558
2559
2560
2561
2562
2563
2564
2565
2566
2567
2568
2569
2570
2571
2572
2573
2574
2575
2576
2577
2578
2579
2580
2581
2582
2583
2584
2585
2586
2587
2588
2589
2590
2591
2592
2593
2594
2595
2596
2597
2598
2599
2600
2601
2602
2603
2604
2605
2606
2607
2608
2609
2610
2611
2612
2613
2614
2615
2616
2617
2618
2619
2620
2621
2622
2623
2624
2625
2626
2627
2628
2629
2630
2631
2632
2633
2634
2635
2636
2637
2638
2639
2640
2641
2642
2643
2644
2645
2646
2647
2648
2649
2650
2651
2652
2702
2703
2753
2754
2804
2805
2855
2856
2906
2907
2957
2958
3008
3009
3059
3060
3110
3111
3161
3162
3212
3213
3263
3264
3314
3315
3365
3366
3416
3417
3467
3468
3518
3519
3569
3570
3620
3621
3671
3672
3722
3723
3773
3774
3824
3825
3875
3876
3926
3927
3977
3978
4028
4029
4079
4080
4130
4131
4181
4182
4232
4233
4283
4284
4334
4335
4385
4386
4436
4437
4487
4488
4538
4539
4589
4590
4640
4641
4691
4692
4742
4743
4793
4794
4844
4845
4895
4896
4946
4947
4997
4998
5048
5049
5099
5100
5150
5151
5152
5153
5154
5155
5156
5157
5158
5159
5160
5161
5162
5163
5164
5165
5166
5167
5168
5169
5170
5171
5172
5173
5174
5175
5176
5177
5178
5179
5180
5181
5182
5183
5184
5185
5186
5187
5188
5189
5190
5191
5192
5193
5194
5195
5196
5197
5198
5199
5200
5201
5202
5203
5204
5205
5206
5207
5208
5209
5210
5211
5212
5213
5214
5215
5216
5217
5218
5219
5220
5221
5222
5223
5224
5225
5226
5227
5228
5229
5230
5231
5232
5233
5234
5235
5236
5237
5238
5239
5240
5241
5242
5243
5244
5245
5246
5247
5248
5249
5250
5251
5252
5253
5303
5304
5354
5355
5405
5406
5456
5457
5507
5508
5558
5559
5609
5610
5660
5661
5711
5712
5762
5763
5813
5814
5864
5865
5915
5916
5966
5967
6017
6018
6068
6069
6119
6120
6170
6171
6221
6222
6272
6273
6323
6324
6374
6375
6425
6426
6476
6477
6527
6528
6578
6579
6629
6630
6680
6681
6731
6732
6782
6783
6833
6834
6884
6885
6935
6936
6986
6987
7037
7038
7088
7089
7139
7140
7190
7191
7241
7242
7292
7293
7343
7344
7394
7395
7445
7446
7496
7497
7547
7548
7598
7599
7649
7650
7700
7701
7751
7752
7753
7754
7755
7756
7757
7758
7759
7760
7761
7762
7763
7764
7765
7766
7767
7768
7769
7770
7771
7772
7773
7774
7775
7776
7777
7778
7779
7780
7781
7782
7783
7784
7785
7786
7787
7788
7789
7790
7791
7792
7793
7794
7795
7796
7797
7798
7799
7800
7801
7802
7803
7804
7805
7806
7807
7808
7809
7810
7811
7812
7813
7814
7815
7816
7817
7818
7819
7820
7821
7822
7823
7824
7825
7826
7827
7828
7829
7830
7831
7832
7833
7834
7835
7836
7837
7838
7839
7840
7841
7842
7843
7844
7845
7846
7847
7848
7849
7850
7851
7852
7853
7854
7904
7905
7955
7956
8006
8007
8057
8058
8108
8109
8159
8160
8210
8211
8261
8262
8312
8313
8363
8364
8414
8415
8465
8466
8516
8517
8567
8568
8618
8619
8669
8670
8720
8721
8771
8772
8822
8823
8873
8874
8924
8925
8975
8976
9026
9027
9077
9078
9128
9129
9179
9180
9230
9231
9281
9282
9332
9333
9383
9384
9434
9435
9485
9486
9536
9537
9587
9588
9638
9639
9689
9690
9740
9741
9791
9792
9842
9843
9893
9894
9944
9945
9995
9996
10046
10047
10097
10098
10148
10149
10199
10200
10250
10251
10301
10302
10352
10353
10354
10355
10356
10357
10358
10359
10360
10361
10362
10363
10364
10365
10366
10367
10368
10369
10370
10371
10372
10373
10374
10375
10376
10377
10378
10379
10380
10381
10382
10383
10384
10385
10386
10387
10388
10389
10390
10391
10392
10393
10394
10395
10396
10397
10398
10399
10400
10401
10402
10403
10404
10405
10406
10407
10408
10409
10410
10411
10412
10413
10414
10415
10416
10417
10418
10419
10420
10421
10422
10423
10424
10425
10426
10427
10428
10429
10430
10431
10432
10433
10434
10435
10436
10437
10438
10439
10440
10441
10442
10443
10444
10445
10446
10447
10448
10449
10450
10451
10452
10453
10454
10455
10505
10506
10556
10557
10607
10608
10658
10659
10709
10710
10760
10761
10811
10812
10862
10863
10913
10914
10964
10965
11015
11016
11066
11067
11117
11118
11168
11169
11219
11220
11270
11271
11321
11322
11372
11373
11423
11424
11474
11475
11525
11526
11576
11577
11627
11628
11678
11679
11729
11730
11780
11781
11831
11832
11882
11883
11933
11934
11984
11985
12035
12036
12086
12087
12137
12138
12188
12189
12239
12240
12290
12291
12341
12342
12392
12393
12443
12444
12494
12495
12545
12546
12596
12597
12647
12648
12698
12699
12749
12750
12800
12801
12851
12852
12902
12903
12953
12954
12955
12956
12957
12958
12959
12960
12961
12962
12963
12964
12965
12966
12967
12968
12969
12970
12971
12972
12973
12974
12975
12976
12977
12978
12979
12980
12981
12982
12983
12984
12985
12986
12987
12988
12989
12990
12991
12992
12993
12994
12995
12996
12997
12998
12999
13000
13001
13002
13003
13004
13005
13006
13007
13008
13009
13010
13011
13012
13013
13014
13015
13016
13017
13018
13019
13020
13021
13022
13023
13024
13025
13026
13027
13028
13029
13030
13031
13032
13033
13034
13035
13036
13037
13038
13039
13040
13041
13042
13043
13044
13045
13046
13047
13048
13049
13050
13051
13052
13053
13054
13055
13056
13106
13107
13157
13158
13208
13209
13259
13260
13310
13311
13361
13362
13412
13413
13463
13464
13514
13515
13565
13566
13616
13617
13667
13668
13718
13719
13769
13770
13820
13821
13871
13872
13922
13923
13973
13974
14024
14025
14075
14076
14126
14127
14177
14178
14228
14229
14279
14280
14330
14331
14381
14382
14432
14433
14483
14484
14534
14535
14585
14586
14636
14637
14687
14688
14738
14739
14789
14790
14840
14841
14891
14892
14942
14943
14993
14994
15044
15045
15095
15096
15146
15147
15197
15198
15248
15249
15299
15300
15350
15351
15401
15402
15452
15453
15503
15504
15554
15555
15556
15557
15558
15559
15560
15561
15562
15563
15564
15565
15566
15567
15568
15569
15570
15571
15572
15573
15574
15575
15576
15577
15578
15579
15580
15581
15582
15583
15584
15585
15586
15587
15588
15589
15590
15591
15592
15593
15594
15595
15596
15597
15598
15599
15600
15601
15602
15603
15604
15605
15606
15607
15608
15609
15610
15611
15612
15613
15614
15615
15616
15617
15618
15619
15620
15621
15622
15623
15624
15625
15626
15627
15628
15629
15630
15631
15632
15633
15634
15635
15636
15637
15638
15639
15640
15641
15642
15643
15644
15645
15646
15647
15648
15649
15650
15651
15652
15653
15654
15655
15656
15657
15707
15708
15758
15759
15809
15810
15860
15861
15911
15912
15962
15963
16013
16014
16064
16065
16115
16116
16166
16167
16217
16218
16268
16269
16319
16320
16370
16371
16421
16422
16472
16473
16523
16524
16574
16575
16625
16626
16676
16677
16727
16728
16778
16779
16829
16830
16880
16881
16931
16932
16982
16983
17033
17034
17084
17085
17135
17136
17186
17187
17237
17238
17288
17289
17339
17340
17390
17391
17441
17442
17492
17493
17543
17544
17594
17595
17645
17646
17696
17697
17747
17748
17798
17799
17849
17850
17900
17901
17951
17952
18002
18003
18053
18054
18104
18105
18155
18156
18157
18158
18159
18160
18161
18162
18163
18164
18165
18166
18167
18168
18169
18170
18171
18172
18173
18174
18175
18176
18177
18178
18179
18180
18181
18182
18183
18184
18185
18186
18187
18188
18189
18190
18191
18192
18193
18194
18195
18196
18197
18198
18199
18200
18201
18202
18203
18204
18205
18206
18207
18208
18209
18210
18211
18212
18213
18214
18215
18216
18217
18218
18219
18220
18221
18222
18223
18224
18225
18226
18227
18228
18229
18230
18231
18232
18233
18234
18235
18236
18237
18238
18239
18240
18241
18242
18243
18244
18245
18246
18247
18248
18249
18250
18251
18252
18253
18254
18255
18256
18257
18258
18308
18309
18359
18360
18410
18411
18461
18462
18512
18513
18563
18564
18614
18615
18665
18666
18716
18717
18767
18768
18818
18819
18869
18870
18920
18921
18971
18972
19022
19023
19073
19074
19124
19125
19175
19176
19226
19227
19277
19278
19328
19329
19379
19380
19430
19431
19481
19482
19532
19533
19583
19584
19634
19635
19685
19686
19736
19737
19787
19788
19838
19839
19889
19890
19940
19941
19991
19992
20042
20043
20093
20094
20144
20145
20195
20196
20246
20247
20297
20298
20348
20349
20399
20400
20450
20451
20501
20502
20552
20553
20603
20604
20654
20655
20705
20706
20756
20757
20758
20759
20760
20761
20762
20763
20764
20765
20766
20767
20768
20769
20770
20771
20772
20773
20774
20775
20776
20777
20778
20779
20780
20781
20782
20783
20784
20785
20786
20787
20788
20789
20790
20791
20792
20793
20794
20795
20796
20797
20798
20799
20800
20801
20802
20803
20804
20805
20806
20807
20808
20809
20810
20811
20812
20813
20814
20815
20816
20817
20818
20819
20820
20821
20822
20823
20824
20825
20826
20827
20828
20829
20830
20831
20832
20833
20834
20835
20836
20837
20838
20839
20840
20841
20842
20843
20844
20845
20846
20847
20848
20849
20850
20851
20852
20853
20854
20855
20856
20857
20858
20859
20909
20910
20960
20961
21011
21012
21062
21063
21113
21114
21164
21165
21215
21216
21266
21267
21317
21318
21368
21369
21419
21420
21470
21471
21521
21522
21572
21573
21623
21624
21674
21675
21725
21726
21776
21777
21827
21828
21878
21879
21929
21930
21980
21981
22031
22032
22082
22083
22133
22134
22184
22185
22235
22236
22286
22287
22337
22338
22388
22389
22439
22440
22490
22491
22541
22542
22592
22593
22643
22644
22694
22695
22745
22746
22796
22797
22847
22848
22898
22899
22949
22950
23000
23001
23051
23052
23102
23103
23153
23154
23204
23205
23255
23256
23306
23307
23357
23358
23359
23360
23361
23362
23363
23364
23365
23366
23367
23368
23369
23370
23371
23372
23373
23374
23375
23376
23377
23378
23379
23380
23381
23382
23383
23384
23385
23386
23387
23388
23389
23390
23391
23392
23393
23394
23395
23396
23397
23398
23399
23400
23401
23402
23403
23404
23405
23406
23407
23408
23409
23410
23411
23412
23413
23414
23415
23416
23417
23418
23419
23420
23421
23422
23423
23424
23425
23426
23427
23428
23429
23430
23431
23432
23433
23434
23435
23436
23437
23438
23439
23440
23441
23442
23443
23444
23445
23446
23447
23448
23449
23450
23451
23452
23453
23454
23455
23456
23457
23458
23459
23460
23510
23511
23561
23562
23612
23613
23663
23664
23714
23715
23765
23766
23816
23817
23867
23868
23918
23919
23969
23970
24020
24021
24071
24072
24122
24123
24173
24174
24224
24225
24275
24276
24326
24327
24377
24378
24428
24429
24479
24480
24530
24531
24581
24582
24632
24633
24683
24684
24734
24735
24785
24786
24836
24837
24887
24888
24938
24939
24989
24990
25040
25041
25091
25092
25142
25143
25193
25194
25244
25245
25295
25296
25346
25347
25397
25398
25448
25449
25499
25500
25550
25551
25601
25602
25652
25653
25703
25704
25754
25755
25805
25806
25856
25857
25907
25908
25958
25959
25960
25961
25962
25963
25964
25965
25966
25967
25968
25969
25970
25971
25972
25973
25974
25975
25976
25977
25978
25979
25980
25981
25982
25983
25984
25985
25986
25987
25988
25989
25990
25991
25992
25993
25994
25995
25996
25997
25998
25999
26000
26001
26002
26003
26004
26005
26006
26007
26008
26009
26010
26011
26012
26013
26014
26015
26016
26017
26018
26019
26020
26021
26022
26023
26024
26025
26026
26027
26028
26029
26030
26031
26032
26033
26034
26035
26036
26037
26038
26039
26040
26041
26042
26043
26044
26045
26046
26047
26048
26049
26050
26051
26052
26053
26054
26055
26056
26057
26058
26059
26060
26061
26111
26112
26162
26163
26213
26214
26264
26265
26315
26316
26366
26367
26417
26418
26468
26469
26519
26520
26570
26571
26621
26622
26672
26673
26723
26724
26774
26775
26825
26826
26876
26877
26927
26928
26978
26979
27029
27030
27080
27081
27131
27132
27182
27183
27233
27234
27284
27285
27335
27336
27386
27387
27437
27438
27488
27489
27539
27540
27590
27591
27641
27642
27692
27693
27743
27744
27794
27795
27845
27846
27896
27897
27947
27948
27998
27999
28049
28050
28100
28101
28151
28152
28202
28203
28253
28254
28304
28305
28355
28356
28406
28407
28457
28458
28508
28509
28559
28560
28561
28562
28563
28564
28565
28566
28567
28568
28569
28570
28571
28572
28573
28574
28575
28576
28577
28578
28579
28580
28581
28582
28583
28584
28585
28586
28587
28588
28589
28590
28591
28592
28593
28594
28595
28596
28597
28598
28599
28600
28601
28602
28603
28604
28605
28606
28607
28608
28609
28610
28611
28612
28613
28614
28615
28616
28617
28618
28619
28620
28621
28622
28623
28624
28625
28626
28627
28628
28629
28630
28631
28632
28633
28634
28635
28636
28637
28638
28639
28640
28641
28642
28643
28644
28645
28646
28647
28648
28649
28650
28651
28652
28653
28654
28655
28656
28657
28658
28659
28660
28661
28662
28712
28713
28763
28764
28814
28815
28865
28866
28916
28917
28967
28968
29018
29019
29069
29070
29120
29121
29171
29172
29222
29223
29273
29274
29324
29325
29375
29376
29426
29427
29477
29478
29528
29529
29579
29580
29630
29631
29681
29682
29732
29733
29783
29784
29834
29835
29885
29886
29936
29937
29987
29988
30038
30039
30089
30090
30140
30141
30191
30192
30242
30243
30293
30294
30344
30345
30395
30396
30446
30447
30497
30498
30548
30549
30599
30600
30650
30651
30701
30702
30752
30753
30803
30804
30854
30855
30905
30906
30956
30957
31007
31008
31058
31059
31109
31110
31160
31161
31162
31163
31164
31165
31166
31167
31168
31169
31170
31171
31172
31173
31174
31175
31176
31177
31178
31179
31180
31181
31182
31183
31184
31185
31186
31187
31188
31189
31190
31191
31192
31193
31194
31195
31196
31197
31198
31199
31200
31201
31202
31203
31204
31205
31206
31207
31208
31209
31210
31211
31212
31213
31214
31215
31216
31217
31218
31219
31220
31221
31222
31223
31224
31225
31226
31227
31228
31229
31230
31231
31232
31233
31234
31235
31236
31237
31238
31239
31240
31241
31242
31243
31244
31245
31246
31247
31248
31249
31250
31251
31252
31253
31254
31255
31256
31257
31258
31259
31260
31261
31262
31263
31313
31314
31364
31365
31415
31416
31466
31467
31517
31518
31568
31569
31619
31620
31670
31671
31721
31722
31772
31773
31823
31824
31874
31875
31925
31926
31976
31977
32027
32028
32078
32079
32129
32130
32180
32181
32231
32232
32282
32283
32333
32334
32384
32385
32435
32436
32486
32487
32537
32538
32588
32589
32639
32640
32690
32691
32741
32742
32792
32793
32843
32844
32894
32895
32945
32946
32996
32997
33047
33048
33098
33099
33149
33150
33200
33201
33251
33252
33302
33303
33353
33354
33404
33405
33455
33456
33506
33507
33557
33558
33608
33609
33659
33660
33710
33711
33761
33762
33763
33764
33765
33766
33767
33768
33769
33770
33771
33772
33773
33774
33775
33776
33777
33778
33779
33780
33781
33782
33783
33784
33785
33786
33787
33788
33789
33790
33791
33792
33793
33794
33795
33796
33797
33798
33799
33800
33801
33802
33803
33804
33805
33806
33807
33808
33809
33810
33811
33812
33813
33814
33815
33816
33817
33818
33819
33820
33821
33822
33823
33824
33825
33826
33827
33828
33829
33830
33831
33832
33833
33834
33835
33836
33837
33838
33839
33840
33841
33842
33843
33844
33845
33846
33847
33848
33849
33850
33851
33852
33853
33854
33855
33856
33857
33858
33859
33860
33861
33862
33863
33864
33914
33915
33965
33966
34016
34017
34067
34068
34118
34119
34169
34170
34220
34221
34271
34272
34322
34323
34373
34374
34424
34425
34475
34476
34526
34527
34577
34578
34628
34629
34679
34680
34730
34731
34781
34782
34832
34833
34883
34884
34934
34935
34985
34986
35036
35037
35087
35088
35138
35139
35189
35190
35240
35241
35291
35292
35342
35343
35393
35394
35444
35445
35495
35496
35546
35547
35597
35598
35648
35649
35699
35700
35750
35751
35801
35802
35852
35853
35903
35904
35954
35955
36005
36006
36056
36057
36107
36108
36158
36159
36209
36210
36260
36261
36311
36312
36362
36363
36364
36365
36366
36367
36368
36369
36370
36371
36372
36373
36374
36375
36376
36377
36378
36379
36380
36381
36382
36383
36384
36385
36386
36387
36388
36389
36390
36391
36392
36393
36394
36395
36396
36397
36398
36399
36400
36401
36402
36403
36404
36405
36406
36407
36408
36409
36410
36411
36412
36413
36414
36415
36416
36417
36418
36419
36420
36421
36422
36423
36424
36425
36426
36427
36428
36429
36430
36431
36432
36433
36434
36435
36436
36437
36438
36439
36440
36441
36442
36443
36444
36445
36446
36447
36448
36449
36450
36451
36452
36453
36454
36455
36456
36457
36458
36459
36460
36461
36462
36463
36464
36465
36515
36516
36566
36567
36617
36618
36668
36669
36719
36720
36770
36771
36821
36822
36872
36873
36923
36924
36974
36975
37025
37026
37076
37077
37127
37128
37178
37179
37229
37230
37280
37281
37331
37332
37382
37383
37433
37434
37484
37485
37535
37536
37586
37587
37637
37638
37688
37689
37739
37740
37790
37791
37841
37842
37892
37893
37943
37944
37994
37995
38045
38046
38096
38097
38147
38148
38198
38199
38249
38250
38300
38301
38351
38352
38402
38403
38453
38454
38504
38505
38555
38556
38606
38607
38657
38658
38708
38709
38759
38760
38810
38811
38861
38862
38912
38913
38963
38964
38965
38966
38967
38968
38969
38970
38971
38972
38973
38974
38975
38976
38977
38978
38979
38980
38981
38982
38983
38984
38985
38986
38987
38988
38989
38990
38991
38992
38993
38994
38995
38996
38997
38998
38999
39000
39001
39002
39003
39004
39005
39006
39007
39008
39009
39010
39011
39012
39013
39014
39015
39016
39017
39018
39019
39020
39021
39022
39023
39024
39025
39026
39027
39028
39029
39030
39031
39032
39033
39034
39035
39036
39037
39038
39039
39040
39041
39042
39043
39044
39045
39046
39047
39048
39049
39050
39051
39052
39053
39054
39055
39056
39057
39058
39059
39060
39061
39062
39063
39064
39065
39066
39116
39117
39167
39168
39218
39219
39269
39270
39320
39321
39371
39372
39422
39423
39473
39474
39524
39525
39575
39576
39626
39627
39677
39678
39728
39729
39779
39780
39830
39831
39881
39882
39932
39933
39983
39984
40034
40035
40085
40086
40136
40137
40187
40188
40238
40239
40289
40290
40340
40341
40391
40392
40442
40443
40493
40494
40544
40545
40595
40596
40646
40647
40697
40698
40748
40749
40799
40800
40850
40851
40901
40902
40952
40953
41003
41004
41054
41055
41105
41106
41156
41157
41207
41208
41258
41259
41309
41310
41360
41361
41411
41412
41462
41463
41513
41514
41564
41565
41566
41567
41568
41569
41570
41571
41572
41573
41574
41575
41576
41577
41578
41579
41580
41581
41582
41583
41584
41585
41586
41587
41588
41589
41590
41591
41592
41593
41594
41595
41596
41597
41598
41599
41600
41601
41602
41603
41604
41605
41606
41607
41608
41609
41610
41611
41612
41613
41614
41615
41616
41617
41618
41619
41620
41621
41622
41623
41624
41625
41626
41627
41628
41629
41630
41631
41632
41633
41634
41635
41636
41637
41638
41639
41640
41641
41642
41643
41644
41645
41646
41647
41648
41649
41650
41651
41652
41653
41654
41655
41656
41657
41658
41659
41660
41661
41662
41663
41664
41665
41666
41667
41717
41718
41768
41769
41819
41820
41870
41871
41921
41922
41972
41973
42023
42024
42074
42075
42125
42126
42176
42177
42227
42228
42278
42279
42329
42330
42380
42381
42431
42432
42482
42483
42533
42534
42584
42585
42635
42636
42686
42687
42737
42738
42788
42789
42839
42840
42890
42891
42941
42942
42992
42993
43043
43044
43094
43095
43145
43146
43196
43197
43247
43248
43298
43299
43349
43350
43400
43401
43451
43452
43502
43503
43553
43554
43604
43605
43655
43656
43706
43707
43757
43758
43808
43809
43859
43860
43910
43911
43961
43962
44012
44013
44063
44064
44114
44115
44165
44166
44167
44168
44169
44170
44171
44172
44173
44174
44175
44176
44177
44178
44179
44180
44181
44182
44183
44184
44185
44186
44187
44188
44189
44190
44191
44192
44193
44194
44195
44196
44197
44198
44199
44200
44201
44202
44203
44204
44205
44206
44207
44208
44209
44210
44211
44212
44213
44214
44215
44216
44217
44218
44219
44220
44221
44222
44223
44224
44225
44226
44227
44228
44229
44230
44231
44232
44233
44234
44235
44236
44237
44238
44239
44240
44241
44242
44243
44244
44245
44246
44247
44248
44249
44250
44251
44252
44253
44254
44255
44256
44257
44258
44259
44260
44261
44262
44263
44264
44265
44266
44267
44268
44318
44319
44369
44370
44420
44421
44471
44472
44522
44523
44573
44574
44624
44625
44675
44676
44726
44727
44777
44778
44828
44829
44879
44880
44930
44931
44981
44982
45032
45033
45083
45084
45134
45135
45185
45186
45236
45237
45287
45288
45338
45339
45389
45390
45440
45441
45491
45492
45542
45543
45593
45594
45644
45645
45695
45696
45746
45747
45797
45798
45848
45849
45899
45900
45950
45951
46001
46002
46052
46053
46103
46104
46154
46155
46205
46206
46256
46257
46307
46308
46358
46359
46409
46410
46460
46461
46511
46512
46562
46563
46613
46614
46664
46665
46715
46716
46766
46767
46768
46769
46770
46771
46772
46773
46774
46775
46776
46777
46778
46779
46780
46781
46782
46783
46784
46785
46786
46787
46788
46789
46790
46791
46792
46793
46794
46795
46796
46797
46798
46799
46800
46801
46802
46803
46804
46805
46806
46807
46808
46809
46810
46811
46812
46813
46814
46815
46816
46817
46818
46819
46820
46821
46822
46823
46824
46825
46826
46827
46828
46829
46830
46831
46832
46833
46834
46835
46836
46837
46838
46839
46840
46841
46842
46843
46844
46845
46846
46847
46848
46849
46850
46851
46852
46853
46854
46855
46856
46857
46858
46859
46860
46861
46862
46863
46864
46865
46866
46867
46868
46869
46919
46920
46970
46971
47021
47022
47072
47073
47123
47124
47174
47175
47225
47226
47276
47277
47327
47328
47378
47379
47429
47430
47480
47481
47531
47532
47582
47583
47633
47634
47684
47685
47735
47736
47786
47787
47837
47838
47888
47889
47939
47940
47990
47991
48041
48042
48092
48093
48143
48144
48194
48195
48245
48246
48296
48297
48347
48348
48398
48399
48449
48450
48500
48501
48551
48552
48602
48603
48653
48654
48704
48705
48755
48756
48806
48807
48857
48858
48908
48909
48959
48960
49010
49011
49061
49062
49112
49113
49163
49164
49214
49215
49265
49266
49316
49317
49367
49368
49369
49370
49371
49372
49373
49374
49375
49376
49377
49378
49379
49380
49381
49382
49383
49384
49385
49386
49387
49388
49389
49390
49391
49392
49393
49394
49395
49396
49397
49398
49399
49400
49401
49402
49403
49404
49405
49406
49407
49408
49409
49410
49411
49412
49413
49414
49415
49416
49417
49418
49419
49420
49421
49422
49423
49424
49425
49426
49427
49428
49429
49430
49431
49432
49433
49434
49435
49436
49437
49438
49439
49440
49441
49442
49443
49444
49445
49446
49447
49448
49449
49450
49451
49452
49453
49454
49455
49456
49457
49458
49459
49460
49461
49462
49463
49464
49465
49466
49467
49468
49469
49470
49520
49521
49571
49572
49622
49623
49673
49674
49724
49725
49775
49776
49826
49827
49877
49878
49928
49929
49979
49980
50030
50031
50081
50082
50132
50133
50183
50184
50234
50235
50285
50286
50336
50337
50387
50388
50438
50439
50489
50490
50540
50541
50591
50592
50642
50643
50693
50694
50744
50745
50795
50796
50846
50847
50897
50898
50948
50949
50999
51000
51050
51051
51101
51102
51152
51153
51203
51204
51254
51255
51305
51306
51356
51357
51407
51408
51458
51459
51509
51510
51560
51561
51611
51612
51662
51663
51713
51714
51764
51765
51815
51816
51866
51867
51917
51918
51968
51969
51970
51971
51972
51973
51974
51975
51976
51977
51978
51979
51980
51981
51982
51983
51984
51985
51986
51987
51988
51989
51990
51991
51992
51993
51994
51995
51996
51997
51998
51999
52000
52001
52002
52003
52004
52005
52006
52007
52008
52009
52010
52011
52012
52013
52014
52015
52016
52017
52018
52019
52020
52021
52022
52023
52024
52025
52026
52027
52028
52029
52030
52031
52032
52033
52034
52035
52036
52037
52038
52039
52040
52041
52042
52043
52044
52045
52046
52047
52048
52049
52050
52051
52052
52053
52054
52055
52056
52057
52058
52059
52060
52061
52062
52063
52064
52065
52066
52067
52068
52069
52070
52071
52121
52122
52172
52173
52223
52224
52274
52275
52325
52326
52376
52377
52427
52428
52478
52479
52529
52530
52580
52581
52631
52632
52682
52683
52733
52734
52784
52785
52835
52836
52886
52887
52937
52938
52988
52989
53039
53040
53090
53091
53141
53142
53192
53193
53243
53244
53294
53295
53345
53346
53396
53397
53447
53448
53498
53499
53549
53550
53600
53601
53651
53652
53702
53703
53753
53754
53804
53805
53855
53856
53906
53907
53957
53958
54008
54009
54059
54060
54110
54111
54161
54162
54212
54213
54263
54264
54314
54315
54365
54366
54416
54417
54467
54468
54518
54519
54569
54570
54571
54572
54573
54574
54575
54576
54577
54578
54579
54580
54581
54582
54583
54584
54585
54586
54587
54588
54589
54590
54591
54592
54593
54594
54595
54596
54597
54598
54599
54600
54601
54602
54603
54604
54605
54606
54607
54608
54609
54610
54611
54612
54613
54614
54615
54616
54617
54618
54619
54620
54621
54622
54623
54624
54625
54626
54627
54628
54629
54630
54631
54632
54633
54634
54635
54636
54637
54638
54639
54640
54641
54642
54643
54644
54645
54646
54647
54648
54649
54650
54651
54652
54653
54654
54655
54656
54657
54658
54659
54660
54661
54662
54663
54664
54665
54666
54667
54668
54669
54670
54671
54672
54722
54723
54773
54774
54824
54825
54875
54876
54926
54927
54977
54978
55028
55029
55079
55080
55130
55131
55181
55182
55232
55233
55283
55284
55334
55335
55385
55386
55436
55437
55487
55488
55538
55539
55589
55590
55640
55641
55691
55692
55742
55743
55793
55794
55844
55845
55895
55896
55946
55947
55997
55998
56048
56049
56099
56100
56150
56151
56201
56202
56252
56253
56303
56304
56354
56355
56405
56406
56456
56457
56507
56508
56558
56559
56609
56610
56660
56661
56711
56712
56762
56763
56813
56814
56864
56865
56915
56916
56966
56967
57017
57018
57068
57069
57119
57120
57170
57171
57172
57173
57174
57175
57176
57177
57178
57179
57180
57181
57182
57183
57184
57185
57186
57187
57188
57189
57190
57191
57192
57193
57194
57195
57196
57197
57198
57199
57200
57201
57202
57203
57204
57205
57206
57207
57208
57209
57210
57211
57212
57213
57214
57215
57216
57217
57218
57219
57220
57221
57222
57223
57224
57225
57226
57227
57228
57229
57230
57231
57232
57233
57234
57235
57236
57237
57238
57239
57240
57241
57242
57243
57244
57245
57246
57247
57248
57249
57250
57251
57252
57253
57254
57255
57256
57257
57258
57259
57260
57261
57262
57263
57264
57265
57266
57267
57268
57269
57270
57271
57272
57273
57323
57324
57374
57375
57425
57426
57476
57477
57527
57528
57578
57579
57629
57630
57680
57681
57731
57732
57782
57783
57833
57834
57884
57885
57935
57936
57986
57987
58037
58038
58088
58089
58139
58140
58190
58191
58241
58242
58292
58293
58343
58344
58394
58395
58445
58446
58496
58497
58547
58548
58598
58599
58649
58650
58700
58701
58751
58752
58802
58803
58853
58854
58904
58905
58955
58956
59006
59007
59057
59058
59108
59109
59159
59160
59210
59211
59261
59262
59312
59313
59363
59364
59414
59415
59465
59466
59516
59517
59567
59568
59618
59619
59669
59670
59720
59721
59771
59772
59773
59774
59775
59776
59777
59778
59779
59780
59781
59782
59783
59784
59785
59786
59787
59788
59789
59790
59791
59792
59793
59794
59795
59796
59797
59798
59799
59800
59801
59802
59803
59804
59805
59806
59807
59808
59809
59810
59811
59812
59813
59814
59815
59816
59817
59818
59819
59820
59821
59822
59823
59824
59825
59826
59827
59828
59829
59830
59831
59832
59833
59834
59835
59836
59837
59838
59839
59840
59841
59842
59843
59844
59845
59846
59847
59848
59849
59850
59851
59852
59853
59854
59855
59856
59857
59858
59859
59860
59861
59862
59863
59864
59865
59866
59867
59868
59869
59870
59871
59872
59873
59874
59924
59925
59975
59976
60026
60027
60077
60078
60128
60129
60179
60180
60230
60231
60281
60282
60332
60333
60383
60384
60434
60435
60485
60486
60536
60537
60587
60588
60638
60639
60689
60690
60740
60741
60791
60792
60842
60843
60893
60894
60944
60945
60995
60996
61046
61047
61097
61098
61148
61149
61199
61200
61250
61251
61301
61302
61352
61353
61403
61404
61454
61455
61505
61506
61556
61557
61607
61608
61658
61659
61709
61710
61760
61761
61811
61812
61862
61863
61913
61914
61964
61965
62015
62016
62066
62067
62117
62118
62168
62169
62219
62220
62270
62271
62321
62322
62372
62373
62374
62375
62376
62377
62378
62379
62380
62381
62382
62383
62384
62385
62386
62387
62388
62389
62390
62391
62392
62393
62394
62395
62396
62397
62398
62399
62400
62401
62402
62403
62404
62405
62406
62407
62408
62409
62410
62411
62412
62413
62414
62415
62416
62417
62418
62419
62420
62421
62422
62423
62424
62425
62426
62427
62428
62429
62430
62431
62432
62433
62434
62435
62436
62437
62438
62439
62440
62441
62442
62443
62444
62445
62446
62447
62448
62449
62450
62451
62452
62453
62454
62455
62456
62457
62458
62459
62460
62461
62462
62463
62464
62465
62466
62467
62468
62469
62470
62471
62472
62473
62474
62475
62525
62526
62576
62577
62627
62628
62678
62679
62729
62730
62780
62781
62831
62832
62882
62883
62933
62934
62984
62985
63035
63036
63086
63087
63137
63138
63188
63189
63239
63240
63290
63291
63341
63342
63392
63393
63443
63444
63494
63495
63545
63546
63596
63597
63647
63648
63698
63699
63749
63750
63800
63801
63851
63852
63902
63903
63953
63954
64004
64005
64055
64056
64106
64107
64157
64158
64208
64209
64259
64260
64310
64311
64361
64362
64412
64413
64463
64464
64514
64515
64565
64566
64616
64617
64667
64668
64718
64719
64769
64770
64820
64821
64871
64872
64922
64923
64973
64974
64975
64976
64977
64978
64979
64980
64981
64982
64983
64984
64985
64986
64987
64988
64989
64990
64991
64992
64993
64994
64995
64996
64997
64998
64999
65000
65001
65002
65003
65004
65005
65006
65007
65008
65009
65010
65011
65012
65013
65014
65015
65016
65017
65018
65019
65020
65021
65022
65023
65024
65025
65026
65027
65028
65029
65030
65031
65032
65033
65034
65035
65036
65037
65038
65039
65040
65041
65042
65043
65044
65045
65046
65047
65048
65049
65050
65051
65052
65053
65054
65055
65056
65057
65058
65059
65060
65061
65062
65063
65064
65065
65066
65067
65068
65069
65070
65071
65072
65073
65074
65075
65076
65126
65127
65177
65178
65228
65229
65279
65280
65330
65331
65381
65382
65432
65433
65483
65484
65534
65535
65585
65586
65636
65637
65687
65688
65738
65739
65789
65790
65840
65841
65891
65892
65942
65943
65993
65994
66044
66045
66095
66096
66146
66147
66197
66198
66248
66249
66299
66300
66350
66351
66401
66402
66452
66453
66503
66504
66554
66555
66605
66606
66656
66657
66707
66708
66758
66759
66809
66810
66860
66861
66911
66912
66962
66963
67013
67014
67064
67065
67115
67116
67166
67167
67217
67218
67268
67269
67319
67320
67370
67371
67421
67422
67472
67473
67523
67524
67574
67575
67576
67577
67578
67579
67580
67581
67582
67583
67584
67585
67586
67587
67588
67589
67590
67591
67592
67593
67594
67595
67596
67597
67598
67599
67600
67601
67602
67603
67604
67605
67606
67607
67608
67609
67610
67611
67612
67613
67614
67615
67616
67617
67618
67619
67620
67621
67622
67623
67624
67625
67626
67627
67628
67629
67630
67631
67632
67633
67634
67635
67636
67637
67638
67639
67640
67641
67642
67643
67644
67645
67646
67647
67648
67649
67650
67651
67652
67653
67654
67655
67656
67657
67658
67659
67660
67661
67662
67663
67664
67665
67666
67667
67668
67669
67670
67671
67672
67673
67674
67675
67676
67677
67727
67728
67778
67779
67829
67830
67880
67881
67931
67932
67982
67983
68033
68034
68084
68085
68135
68136
68186
68187
68237
68238
68288
68289
68339
68340
68390
68391
68441
68442
68492
68493
68543
68544
68594
68595
68645
68646
68696
68697
68747
68748
68798
68799
68849
68850
68900
68901
68951
68952
69002
69003
69053
69054
69104
69105
69155
69156
69206
69207
69257
69258
69308
69309
69359
69360
69410
69411
69461
69462
69512
69513
69563
69564
69614
69615
69665
69666
69716
69717
69767
69768
69818
69819
69869
69870
69920
69921
69971
69972
70022
70023
70073
70074
70124
70125
70175
70176
70177
70178
70179
70180
70181
70182
70183
70184
70185
70186
70187
70188
70189
70190
70191
70192
70193
70194
70195
70196
70197
70198
70199
70200
70201
70202
70203
70204
70205
70206
70207
70208
70209
70210
70211
70212
70213
70214
70215
70216
70217
70218
70219
70220
70221
70222
70223
70224
70225
70226
70227
70228
70229
70230
70231
70232
70233
70234
70235
70236
70237
70238
70239
70240
70241
70242
70243
70244
70245
70246
70247
70248
70249
70250
70251
70252
70253
70254
70255
70256
70257
70258
70259
70260
70261
70262
70263
70264
70265
70266
70267
70268
70269
70270
70271
70272
70273
70274
70275
70276
70277
70278
70328
70329
70379
70380
70430
70431
70481
70482
70532
70533
70583
70584
70634
70635
70685
70686
70736
70737
70787
70788
70838
70839
70889
70890
70940
70941
70991
70992
71042
71043
71093
71094
71144
71145
71195
71196
71246
71247
71297
71298
71348
71349
71399
71400
71450
71451
71501
71502
71552
71553
71603
71604
71654
71655
71705
71706
71756
71757
71807
71808
71858
71859
71909
71910
71960
71961
72011
72012
72062
72063
72113
72114
72164
72165
72215
72216
72266
72267
72317
72318
72368
72369
72419
72420
72470
72471
72521
72522
72572
72573
72623
72624
72674
72675
72725
72726
72776
72777
72778
72779
72780
72781
72782
72783
72784
72785
72786
72787
72788
72789
72790
72791
72792
72793
72794
72795
72796
72797
72798
72799
72800
72801
72802
72803
72804
72805
72806
72807
72808
72809
72810
72811
72812
72813
72814
72815
72816
72817
72818
72819
72820
72821
72822
72823
72824
72825
72826
72827
72828
72829
72830
72831
72832
72833
72834
72835
72836
72837
72838
72839
72840
72841
72842
72843
72844
72845
72846
72847
72848
72849
72850
72851
72852
72853
72854
72855
72856
72857
72858
72859
72860
72861
72862
72863
72864
72865
72866
72867
72868
72869
72870
72871
72872
72873
72874
72875
72876
72877
72878
72879
72929
72930
72980
72981
73031
73032
73082
73083
73133
73134
73184
73185
73235
73236
73286
73287
73337
73338
73388
73389
73439
73440
73490
73491
73541
73542
73592
73593
73643
73644
73694
73695
73745
73746
73796
73797
73847
73848
73898
73899
73949
73950
74000
74001
74051
74052
74102
74103
74153
74154
74204
74205
74255
74256
74306
74307
74357
74358
74408
74409
74459
74460
74510
74511
74561
74562
74612
74613
74663
74664
74714
74715
74765
74766
74816
74817
74867
74868
74918
74919
74969
74970
75020
75021
75071
75072
75122
75123
75173
75174
75224
75225
75275
75276
75326
75327
75377
75378
75379
75380
75381
75382
75383
75384
75385
75386
75387
75388
75389
75390
75391
75392
75393
75394
75395
75396
75397
75398
75399
75400
75401
75402
75403
75404
75405
75406
75407
75408
75409
75410
75411
75412
75413
75414
75415
75416
75417
75418
75419
75420
75421
75422
75423
75424
75425
75426
75427
75428
75429
75430
75431
75432
75433
75434
75435
75436
75437
75438
75439
75440
75441
75442
75443
75444
75445
75446
75447
75448
75449
75450
75451
75452
75453
75454
75455
75456
75457
75458
75459
75460
75461
75462
75463
75464
75465
75466
75467
75468
75469
75470
75471
75472
75473
75474
75475
75476
75477
75478
75479
75480
75530
75531
75581
75582
75632
75633
75683
75684
75734
75735
75785
75786
75836
75837
75887
75888
75938
75939
75989
75990
76040
76041
76091
76092
76142
76143
76193
76194
76244
76245
76295
76296
76346
76347
76397
76398
76448
76449
76499
76500
76550
76551
76601
76602
76652
76653
76703
76704
76754
76755
76805
76806
76856
76857
76907
76908
76958
76959
77009
77010
77060
77061
77111
77112
77162
77163
77213
77214
77264
77265
77315
77316
77366
77367
77417
77418
77468
77469
77519
77520
77570
77571
77621
77622
77672
77673
77723
77724
77774
77775
77825
77826
77876
77877
77927
77928
77978
77979
77980
77981
77982
77983
77984
77985
77986
77987
77988
77989
77990
77991
77992
77993
77994
77995
77996
77997
77998
77999
78000
78001
78002
78003
78004
78005
78006
78007
78008
78009
78010
78011
78012
78013
78014
78015
78016
78017
78018
78019
78020
78021
78022
78023
78024
78025
78026
78027
78028
78029
78030
78031
78032
78033
78034
78035
78036
78037
78038
78039
78040
78041
78042
78043
78044
78045
78046
78047
78048
78049
78050
78051
78052
78053
78054
78055
78056
78057
78058
78059
78060
78061
78062
78063
78064
78065
78066
78067
78068
78069
78070
78071
78072
78073
78074
78075
78076
78077
78078
78079
78080
78081
78131
78132
78182
78183
78233
78234
78284
78285
78335
78336
78386
78387
78437
78438
78488
78489
78539
78540
78590
78591
78641
78642
78692
78693
78743
78744
78794
78795
78845
78846
78896
78897
78947
78948
78998
78999
79049
79050
79100
79101
79151
79152
79202
79203
79253
79254
79304
79305
79355
79356
79406
79407
79457
79458
79508
79509
79559
79560
79610
79611
79661
79662
79712
79713
79763
79764
79814
79815
79865
79866
79916
79917
79967
79968
80018
80019
80069
80070
80120
80121
80171
80172
80222
80223
80273
80274
80324
80325
80375
80376
80426
80427
80477
80478
80528
80529
80579
80580
80581
80582
80583
80584
80585
80586
80587
80588
80589
80590
80591
80592
80593
80594
80595
80596
80597
80598
80599
80600
80601
80602
80603
80604
80605
80606
80607
80608
80609
80610
80611
80612
80613
80614
80615
80616
80617
80618
80619
80620
80621
80622
80623
80624
80625
80626
80627
80628
80629
80630
80631
80632
80633
80634
80635
80636
80637
80638
80639
80640
80641
80642
80643
80644
80645
80646
80647
80648
80649
80650
80651
80652
80653
80654
80655
80656
80657
80658
80659
80660
80661
80662
80663
80664
80665
80666
80667
80668
80669
80670
80671
80672
80673
80674
80675
80676
80677
80678
80679
80680
80681
80682
80732
80733
80783
80784
80834
80835
80885
80886
80936
80937
80987
80988
81038
81039
81089
81090
81140
81141
81191
81192
81242
81243
81293
81294
81344
81345
81395
81396
81446
81447
81497
81498
81548
81549
81599
81600
81650
81651
81701
81702
81752
81753
81803
81804
81854
81855
81905
81906
81956
81957
82007
82008
82058
82059
82109
82110
82160
82161
82211
82212
82262
82263
82313
82314
82364
82365
82415
82416
82466
82467
82517
82518
82568
82569
82619
82620
82670
82671
82721
82722
82772
82773
82823
82824
82874
82875
82925
82926
82976
82977
83027
83028
83078
83079
83129
83130
83180
83181
83182
83183
83184
83185
83186
83187
83188
83189
83190
83191
83192
83193
83194
83195
83196
83197
83198
83199
83200
83201
83202
83203
83204
83205
83206
83207
83208
83209
83210
83211
83212
83213
83214
83215
83216
83217
83218
83219
83220
83221
83222
83223
83224
83225
83226
83227
83228
83229
83230
83231
83232
83233
83234
83235
83236
83237
83238
83239
83240
83241
83242
83243
83244
83245
83246
83247
83248
83249
83250
83251
83252
83253
83254
83255
83256
83257
83258
83259
83260
83261
83262
83263
83264
83265
83266
83267
83268
83269
83270
83271
83272
83273
83274
83275
83276
83277
83278
83279
83280
83281
83282
83283
83333
83334
83384
83385
83435
83436
83486
83487
83537
83538
83588
83589
83639
83640
83690
83691
83741
83742
83792
83793
83843
83844
83894
83895
83945
83946
83996
83997
84047
84048
84098
84099
84149
84150
84200
84201
84251
84252
84302
84303
84353
84354
84404
84405
84455
84456
84506
84507
84557
84558
84608
84609
84659
84660
84710
84711
84761
84762
84812
84813
84863
84864
84914
84915
84965
84966
85016
85017
85067
85068
85118
85119
85169
85170
85220
85221
85271
85272
85322
85323
85373
85374
85424
85425
85475
85476
85526
85527
85577
85578
85628
85629
85679
85680
85730
85731
85781
85782
85783
85784
85785
85786
85787
85788
85789
85790
85791
85792
85793
85794
85795
85796
85797
85798
85799
85800
85801
85802
85803
85804
85805
85806
85807
85808
85809
85810
85811
85812
85813
85814
85815
85816
85817
85818
85819
85820
85821
85822
85823
85824
85825
85826
85827
85828
85829
85830
85831
85832
85833
85834
85835
85836
85837
85838
85839
85840
85841
85842
85843
85844
85845
85846
85847
85848
85849
85850
85851
85852
85853
85854
85855
85856
85857
85858
85859
85860
85861
85862
85863
85864
85865
85866
85867
85868
85869
85870
85871
85872
85873
85874
85875
85876
85877
85878
85879
85880
85881
85882
85883
85884
85934
85935
85985
85986
86036
86037
86087
86088
86138
86139
86189
86190
86240
86241
86291
86292
86342
86343
86393
86394
86444
86445
86495
86496
86546
86547
86597
86598
86648
86649
86699
86700
86750
86751
86801
86802
86852
86853
86903
86904
86954
86955
87005
87006
87056
87057
87107
87108
87158
87159
87209
87210
87260
87261
87311
87312
87362
87363
87413
87414
87464
87465
87515
87516
87566
87567
87617
87618
87668
87669
87719
87720
87770
87771
87821
87822
87872
87873
87923
87924
87974
87975
88025
88026
88076
88077
88127
88128
88178
88179
88229
88230
88280
88281
88331
88332
88382
88383
88384
88385
88386
88387
88388
88389
88390
88391
88392
88393
88394
88395
88396
88397
88398
88399
88400
88401
88402
88403
88404
88405
88406
88407
88408
88409
88410
88411
88412
88413
88414
88415
88416
88417
88418
88419
88420
88421
88422
88423
88424
88425
88426
88427
88428
88429
88430
88431
88432
88433
88434
88435
88436
88437
88438
88439
88440
88441
88442
88443
88444
88445
88446
88447
88448
88449
88450
88451
88452
88453
88454
88455
88456
88457
88458
88459
88460
88461
88462
88463
88464
88465
88466
88467
88468
88469
88470
88471
88472
88473
88474
88475
88476
88477
88478
88479
88480
88481
88482
88483
88484
88485
88535
88536
88586
88587
88637
88638
88688
88689
88739
88740
88790
88791
88841
88842
88892
88893
88943
88944
88994
88995
89045
89046
89096
89097
89147
89148
89198
89199
89249
89250
89300
89301
89351
89352
89402
89403
89453
89454
89504
89505
89555
89556
89606
89607
89657
89658
89708
89709
89759
89760
89810
89811
89861
89862
89912
89913
89963
89964
90014
90015
90065
90066
90116
90117
90167
90168
90218
90219
90269
90270
90320
90321
90371
90372
90422
90423
90473
90474
90524
90525
90575
90576
90626
90627
90677
90678
90728
90729
90779
90780
90830
90831
90881
90882
90932
90933
90983
90984
90985
90986
90987
90988
90989
90990
90991
90992
90993
90994
90995
90996
90997
90998
90999
91000
91001
91002
91003
91004
91005
91006
91007
91008
91009
91010
91011
91012
91013
91014
91015
91016
91017
91018
91019
91020
91021
91022
91023
91024
91025
91026
91027
91028
91029
91030
91031
91032
91033
91034
91035
91036
91037
91038
91039
91040
91041
91042
91043
91044
91045
91046
91047
91048
91049
91050
91051
91052
91053
91054
91055
91056
91057
91058
91059
91060
91061
91062
91063
91064
91065
91066
91067
91068
91069
91070
91071
91072
91073
91074
91075
91076
91077
91078
91079
91080
91081
91082
91083
91084
91085
91086
91136
91137
91187
91188
91238
91239
91289
91290
91340
91341
91391
91392
91442
91443
91493
91494
91544
91545
91595
91596
91646
91647
91697
91698
91748
91749
91799
91800
91850
91851
91901
91902
91952
91953
92003
92004
92054
92055
92105
92106
92156
92157
92207
92208
92258
92259
92309
92310
92360
92361
92411
92412
92462
92463
92513
92514
92564
92565
92615
92616
92666
92667
92717
92718
92768
92769
92819
92820
92870
92871
92921
92922
92972
92973
93023
93024
93074
93075
93125
93126
93176
93177
93227
93228
93278
93279
93329
93330
93380
93381
93431
93432
93482
93483
93533
93534
93584
93585
93586
93587
93588
93589
93590
93591
93592
93593
93594
93595
93596
93597
93598
93599
93600
93601
93602
93603
93604
93605
93606
93607
93608
93609
93610
93611
93612
93613
93614
93615
93616
93617
93618
93619
93620
93621
93622
93623
93624
93625
93626
93627
93628
93629
93630
93631
93632
93633
93634
93635
93636
93637
93638
93639
93640
93641
93642
93643
93644
93645
93646
93647
93648
93649
93650
93651
93652
93653
93654
93655
93656
93657
93658
93659
93660
93661
93662
93663
93664
93665
93666
93667
93668
93669
93670
93671
93672
93673
93674
93675
93676
93677
93678
93679
93680
93681
93682
93683
93684
93685
93686
93687
93737
93738
93788
93789
93839
93840
93890
93891
93941
93942
93992
93993
94043
94044
94094
94095
94145
94146
94196
94197
94247
94248
94298
94299
94349
94350
94400
94401
94451
94452
94502
94503
94553
94554
94604
94605
94655
94656
94706
94707
94757
94758
94808
94809
94859
94860
94910
94911
94961
94962
95012
95013
95063
95064
95114
95115
95165
95166
95216
95217
95267
95268
95318
95319
95369
95370
95420
95421
95471
95472
95522
95523
95573
95574
95624
95625
95675
95676
95726
95727
95777
95778
95828
95829
95879
95880
95930
95931
95981
95982
96032
96033
96083
96084
96134
96135
96185
96186
96187
96188
96189
96190
96191
96192
96193
96194
96195
96196
96197
96198
96199
96200
96201
96202
96203
96204
96205
96206
96207
96208
96209
96210
96211
96212
96213
96214
96215
96216
96217
96218
96219
96220
96221
96222
96223
96224
96225
96226
96227
96228
96229
96230
96231
96232
96233
96234
96235
96236
96237
96238
96239
96240
96241
96242
96243
96244
96245
96246
96247
96248
96249
96250
96251
96252
96253
96254
96255
96256
96257
96258
96259
96260
96261
96262
96263
96264
96265
96266
96267
96268
96269
96270
96271
96272
96273
96274
96275
96276
96277
96278
96279
96280
96281
96282
96283
96284
96285
96286
96287
96288
96338
96339
96389
96390
96440
96441
96491
96492
96542
96543
96593
96594
96644
96645
96695
96696
96746
96747
96797
96798
96848
96849
96899
96900
96950
96951
97001
97002
97052
97053
97103
97104
97154
97155
97205
97206
97256
97257
97307
97308
97358
97359
97409
97410
97460
97461
97511
97512
97562
97563
97613
97614
97664
97665
97715
97716
97766
97767
97817
97818
97868
97869
97919
97920
97970
97971
98021
98022
98072
98073
98123
98124
98174
98175
98225
98226
98276
98277
98327
98328
98378
98379
98429
98430
98480
98481
98531
98532
98582
98583
98633
98634
98684
98685
98735
98736
98786
98787
98788
98789
98790
98791
98792
98793
98794
98795
98796
98797
98798
98799
98800
98801
98802
98803
98804
98805
98806
98807
98808
98809
98810
98811
98812
98813
98814
98815
98816
98817
98818
98819
98820
98821
98822
98823
98824
98825
98826
98827
98828
98829
98830
98831
98832
98833
98834
98835
98836
98837
98838
98839
98840
98841
98842
98843
98844
98845
98846
98847
98848
98849
98850
98851
98852
98853
98854
98855
98856
98857
98858
98859
98860
98861
98862
98863
98864
98865
98866
98867
98868
98869
98870
98871
98872
98873
98874
98875
98876
98877
98878
98879
98880
98881
98882
98883
98884
98885
98886
98887
98888
98889
98939
98940
98990
98991
99041
99042
99092
99093
99143
99144
99194
99195
99245
99246
99296
99297
99347
99348
99398
99399
99449
99450
99500
99501
99551
99552
99602
99603
99653
99654
99704
99705
99755
99756
99806
99807
99857
99858
99908
99909
99959
99960
100010
100011
100061
100062
100112
100113
100163
100164
100214
100215
100265
100266
100316
100317
100367
100368
100418
100419
100469
100470
100520
100521
100571
100572
100622
100623
100673
100674
100724
100725
100775
100776
100826
100827
100877
100878
100928
100929
100979
100980
101030
101031
101081
101082
101132
101133
101183
101184
101234
101235
101285
101286
101336
101337
101387
101388
101389
101390
101391
101392
101393
101394
101395
101396
101397
101398
101399
101400
101401
101402
101403
101404
101405
101406
101407
101408
101409
101410
101411
101412
101413
101414
101415
101416
101417
101418
101419
101420
101421
101422
101423
101424
101425
101426
101427
101428
101429
101430
101431
101432
101433
101434
101435
101436
101437
101438
101439
101440
101441
101442
101443
101444
101445
101446
101447
101448
101449
101450
101451
101452
101453
101454
101455
101456
101457
101458
101459
101460
101461
101462
101463
101464
101465
101466
101467
101468
101469
101470
101471
101472
101473
101474
101475
101476
101477
101478
101479
101480
101481
101482
101483
101484
101485
101486
101487
101488
101489
101490
101540
101541
101591
101592
101642
101643
101693
101694
101744
101745
101795
101796
101846
101847
101897
101898
101948
101949
101999
102000
102050
102051
102101
102102
102152
102153
102203
102204
102254
102255
102305
102306
102356
102357
102407
102408
102458
102459
102509
102510
102560
102561
102611
102612
102662
102663
102713
102714
102764
102765
102815
102816
102866
102867
102917
102918
102968
102969
103019
103020
103070
103071
103121
103122
103172
103173
103223
103224
103274
103275
103325
103326
103376
103377
103427
103428
103478
103479
103529
103530
103580
103581
103631
103632
103682
103683
103733
103734
103784
103785
103835
103836
103886
103887
103937
103938
103988
103989
103990
103991
103992
103993
103994
103995
103996
103997
103998
103999
104000
104001
104002
104003
104004
104005
104006
104007
104008
104009
104010
104011
104012
104013
104014
104015
104016
104017
104018
104019
104020
104021
104022
104023
104024
104025
104026
104027
104028
104029
104030
104031
104032
104033
104034
104035
104036
104037
104038
104039
104040
104041
104042
104043
104044
104045
104046
104047
104048
104049
104050
104051
104052
104053
104054
104055
104056
104057
104058
104059
104060
104061
104062
104063
104064
104065
104066
104067
104068
104069
104070
104071
104072
104073
104074
104075
104076
104077
104078
104079
104080
104081
104082
104083
104084
104085
104086
104087
104088
104089
104090
104091
104141
104142
104192
104193
104243
104244
104294
104295
104345
104346
104396
104397
104447
104448
104498
104499
104549
104550
104600
104601
104651
104652
104702
104703
104753
104754
104804
104805
104855
104856
104906
104907
104957
104958
105008
105009
105059
105060
105110
105111
105161
105162
105212
105213
105263
105264
105314
105315
105365
105366
105416
105417
105467
105468
105518
105519
105569
105570
105620
105621
105671
105672
105722
105723
105773
105774
105824
105825
105875
105876
105926
105927
105977
105978
106028
106029
106079
106080
106130
106131
106181
106182
106232
106233
106283
106284
106334
106335
106385
106386
106436
106437
106487
106488
106538
106539
106589
106590
106591
106592
106593
106594
106595
106596
106597
106598
106599
106600
106601
106602
106603
106604
106605
106606
106607
106608
106609
106610
106611
106612
106613
106614
106615
106616
106617
106618
106619
106620
106621
106622
106623
106624
106625
106626
106627
106628
106629
106630
106631
106632
106633
106634
106635
106636
106637
106638
106639
106640
106641
106642
106643
106644
106645
106646
106647
106648
106649
106650
106651
106652
106653
106654
106655
106656
106657
106658
106659
106660
106661
106662
106663
106664
106665
106666
106667
106668
106669
106670
106671
106672
106673
106674
106675
106676
106677
106678
106679
106680
106681
106682
106683
106684
106685
106686
106687
106688
106689
106690
106691
106692
106742
106743
106793
106794
106844
106845
106895
106896
106946
106947
106997
106998
107048
107049
107099
107100
107150
107151
107201
107202
107252
107253
107303
107304
107354
107355
107405
107406
107456
107457
107507
107508
107558
107559
107609
107610
107660
107661
107711
107712
107762
107763
107813
107814
107864
107865
107915
107916
107966
107967
108017
108018
108068
108069
108119
108120
108170
108171
108221
108222
108272
108273
108323
108324
108374
108375
108425
108426
108476
108477
108527
108528
108578
108579
108629
108630
108680
108681
108731
108732
108782
108783
108833
108834
108884
108885
108935
108936
108986
108987
109037
109038
109088
109089
109139
109140
109190
109191
109192
109193
109194
109195
109196
109197
109198
109199
109200
109201
109202
109203
109204
109205
109206
109207
109208
109209
109210
109211
109212
109213
109214
109215
109216
109217
109218
109219
109220
109221
109222
109223
109224
109225
109226
109227
109228
109229
109230
109231
109232
109233
109234
109235
109236
109237
109238
109239
109240
109241
109242
109243
109244
109245
109246
109247
109248
109249
109250
109251
109252
109253
109254
109255
109256
109257
109258
109259
109260
109261
109262
109263
109264
109265
109266
109267
109268
109269
109270
109271
109272
109273
109274
109275
109276
109277
109278
109279
109280
109281
109282
109283
109284
109285
109286
109287
109288
109289
109290
109291
109292
109293
109343
109344
109394
109395
109445
109446
109496
109497
109547
109548
109598
109599
109649
109650
109700
109701
109751
109752
109802
109803
109853
109854
109904
109905
109955
109956
110006
110007
110057
110058
110108
110109
110159
110160
110210
110211
110261
110262
110312
110313
110363
110364
110414
110415
110465
110466
110516
110517
110567
110568
110618
110619
110669
110670
110720
110721
110771
110772
110822
110823
110873
110874
110924
110925
110975
110976
111026
111027
111077
111078
111128
111129
111179
111180
111230
111231
111281
111282
111332
111333
111383
111384
111434
111435
111485
111486
111536
111537
111587
111588
111638
111639
111689
111690
111740
111741
111791
111792
111793
111794
111795
111796
111797
111798
111799
111800
111801
111802
111803
111804
111805
111806
111807
111808
111809
111810
111811
111812
111813
111814
111815
111816
111817
111818
111819
111820
111821
111822
111823
111824
111825
111826
111827
111828
111829
111830
111831
111832
111833
111834
111835
111836
111837
111838
111839
111840
111841
111842
111843
111844
111845
111846
111847
111848
111849
111850
111851
111852
111853
111854
111855
111856
111857
111858
111859
111860
111861
111862
111863
111864
111865
111866
111867
111868
111869
111870
111871
111872
111873
111874
111875
111876
111877
111878
111879
111880
111881
111882
111883
111884
111885
111886
111887
111888
111889
111890
111891
111892
111893
111894
111944
111945
111995
111996
112046
112047
112097
112098
112148
112149
112199
112200
112250
112251
112301
112302
112352
112353
112403
112404
112454
112455
112505
112506
112556
112557
112607
112608
112658
112659
112709
112710
112760
112761
112811
112812
112862
112863
112913
112914
112964
112965
113015
113016
113066
113067
113117
113118
113168
113169
113219
113220
113270
113271
113321
113322
113372
113373
113423
113424
113474
113475
113525
113526
113576
113577
113627
113628
113678
113679
113729
113730
113780
113781
113831
113832
113882
113883
113933
113934
113984
113985
114035
114036
114086
114087
114137
114138
114188
114189
114239
114240
114290
114291
114341
114342
114392
114393
114394
114395
114396
114397
114398
114399
114400
114401
114402
114403
114404
114405
114406
114407
114408
114409
114410
114411
114412
114413
114414
114415
114416
114417
114418
114419
114420
114421
114422
114423
114424
114425
114426
114427
114428
114429
114430
114431
114432
114433
114434
114435
114436
114437
114438
114439
114440
114441
114442
114443
114444
114445
114446
114447
114448
114449
114450
114451
114452
114453
114454
114455
114456
114457
114458
114459
114460
114461
114462
114463
114464
114465
114466
114467
114468
114469
114470
114471
114472
114473
114474
114475
114476
114477
114478
114479
114480
114481
114482
114483
114484
114485
114486
114487
114488
114489
114490
114491
114492
114493
114494
114495
114545
114546
114596
114597
114647
114648
114698
114699
114749
114750
114800
114801
114851
114852
114902
114903
114953
114954
115004
115005
115055
115056
115106
115107
115157
115158
115208
115209
115259
115260
115310
115311
115361
115362
115412
115413
115463
115464
115514
115515
115565
115566
115616
115617
115667
115668
115718
115719
115769
115770
115820
115821
115871
115872
115922
115923
115973
115974
116024
116025
116075
116076
116126
116127
116177
116178
116228
116229
116279
116280
116330
116331
116381
116382
116432
116433
116483
116484
116534
116535
116585
116586
116636
116637
116687
116688
116738
116739
116789
116790
116840
116841
116891
116892
116942
116943
116993
116994
116995
116996
116997
116998
116999
117000
117001
117002
117003
117004
117005
117006
117007
117008
117009
117010
117011
117012
117013
117014
117015
117016
117017
117018
117019
117020
117021
117022
117023
117024
117025
117026
117027
117028
117029
117030
117031
117032
117033
117034
117035
117036
117037
117038
117039
117040
117041
117042
117043
117044
117045
117046
117047
117048
117049
117050
117051
117052
117053
117054
117055
117056
117057
117058
117059
117060
117061
117062
117063
117064
117065
117066
117067
117068
117069
117070
117071
117072
117073
117074
117075
117076
117077
117078
117079
117080
117081
117082
117083
117084
117085
117086
117087
117088
117089
117090
117091
117092
117093
117094
117095
117096
117146
117147
117197
117198
117248
117249
117299
117300
117350
117351
117401
117402
117452
117453
117503
117504
117554
117555
117605
117606
117656
117657
117707
117708
117758
117759
117809
117810
117860
117861
117911
117912
117962
117963
118013
118014
118064
118065
118115
118116
118166
118167
118217
118218
118268
118269
118319
118320
118370
118371
118421
118422
118472
118473
118523
118524
118574
118575
118625
118626
118676
118677
118727
118728
118778
118779
118829
118830
118880
118881
118931
118932
118982
118983
119033
119034
119084
119085
119135
119136
119186
119187
119237
119238
119288
119289
119339
119340
119390
119391
119441
119442
119492
119493
119543
119544
119594
119595
119596
119597
119598
119599
119600
119601
119602
119603
119604
119605
119606
119607
119608
119609
119610
119611
119612
119613
119614
119615
119616
119617
119618
119619
119620
119621
119622
119623
119624
119625
119626
119627
119628
119629
119630
119631
119632
119633
119634
119635
119636
119637
119638
119639
119640
119641
119642
119643
119644
119645
119646
119647
119648
119649
119650
119651
119652
119653
119654
119655
119656
119657
119658
119659
119660
119661
119662
119663
119664
119665
119666
119667
119668
119669
119670
119671
119672
119673
119674
119675
119676
119677
119678
119679
119680
119681
119682
119683
119684
119685
119686
119687
119688
119689
119690
119691
119692
119693
119694
119695
119696
119697
119747
119748
119798
119799
119849
119850
119900
119901
119951
119952
120002
120003
120053
120054
120104
120105
120155
120156
120206
120207
120257
120258
120308
120309
120359
120360
120410
120411
120461
120462
120512
120513
120563
120564
120614
120615
120665
120666
120716
120717
120767
120768
120818
120819
120869
120870
120920
120921
120971
120972
121022
121023
121073
121074
121124
121125
121175
121176
121226
121227
121277
121278
121328
121329
121379
121380
121430
121431
121481
121482
121532
121533
121583
121584
121634
121635
121685
121686
121736
121737
121787
121788
121838
121839
121889
121890
121940
121941
121991
121992
122042
122043
122093
122094
122144
122145
122195
122196
122197
122198
122199
122200
122201
122202
122203
122204
122205
122206
122207
122208
122209
122210
122211
122212
122213
122214
122215
122216
122217
122218
122219
122220
122221
122222
122223
122224
122225
122226
122227
122228
122229
122230
122231
122232
122233
122234
122235
122236
122237
122238
122239
122240
122241
122242
122243
122244
122245
122246
122247
122248
122249
122250
122251
122252
122253
122254
122255
122256
122257
122258
122259
122260
122261
122262
122263
122264
122265
122266
122267
122268
122269
122270
122271
122272
122273
122274
122275
122276
122277
122278
122279
122280
122281
122282
122283
122284
122285
122286
122287
122288
122289
122290
122291
122292
122293
122294
122295
122296
122297
122298
122348
122349
122399
122400
122450
122451
122501
122502
122552
122553
122603
122604
122654
122655
122705
122706
122756
122757
122807
122808
122858
122859
122909
122910
122960
122961
123011
123012
123062
123063
123113
123114
123164
123165
123215
123216
123266
123267
123317
123318
123368
123369
123419
123420
123470
123471
123521
123522
123572
123573
123623
123624
123674
123675
123725
123726
123776
123777
123827
123828
123878
123879
123929
123930
123980
123981
124031
124032
124082
124083
124133
124134
124184
124185
124235
124236
124286
124287
124337
124338
124388
124389
124439
124440
124490
124491
124541
124542
124592
124593
124643
124644
124694
124695
124745
124746
124796
124797
124798
124799
124800
124801
124802
124803
124804
124805
124806
124807
124808
124809
124810
124811
124812
124813
124814
124815
124816
124817
124818
124819
124820
124821
124822
124823
124824
124825
124826
124827
124828
124829
124830
124831
124832
124833
124834
124835
124836
124837
124838
124839
124840
124841
124842
124843
124844
124845
124846
124847
124848
124849
124850
124851
124852
124853
124854
124855
124856
124857
124858
124859
124860
124861
124862
124863
124864
124865
124866
124867
124868
124869
124870
124871
124872
124873
124874
124875
124876
124877
124878
124879
124880
124881
124882
124883
124884
124885
124886
124887
124888
124889
124890
124891
124892
124893
124894
124895
124896
124897
124898
124899
124949
124950
125000
125001
125051
125052
125102
125103
125153
125154
125204
125205
125255
125256
125306
125307
125357
125358
125408
125409
125459
125460
125510
125511
125561
125562
125612
125613
125663
125664
125714
125715
125765
125766
125816
125817
125867
125868
125918
125919
125969
125970
126020
126021
126071
126072
126122
126123
126173
126174
126224
126225
126275
126276
126326
126327
126377
126378
126428
126429
126479
126480
126530
126531
126581
126582
126632
126633
126683
126684
126734
126735
126785
126786
126836
126837
126887
126888
126938
126939
126989
126990
127040
127041
127091
127092
127142
127143
127193
127194
127244
127245
127295
127296
127346
127347
127397
127398
127399
127400
127401
127402
127403
127404
127405
127406
127407
127408
127409
127410
127411
127412
127413
127414
127415
127416
127417
127418
127419
127420
127421
127422
127423
127424
127425
127426
127427
127428
127429
127430
127431
127432
127433
127434
127435
127436
127437
127438
127439
127440
127441
127442
127443
127444
127445
127446
127447
127448
127449
127450
127451
127452
127453
127454
127455
127456
127457
127458
127459
127460
127461
127462
127463
127464
127465
127466
127467
127468
127469
127470
127471
127472
127473
127474
127475
127476
127477
127478
127479
127480
127481
127482
127483
127484
127485
127486
127487
127488
127489
127490
127491
127492
127493
127494
127495
127496
127497
127498
127499
127500
127550
127551
127601
127602
127652
127653
127703
127704
127754
127755
127805
127806
127856
127857
127907
127908
127958
127959
128009
128010
128060
128061
128111
128112
128162
128163
128213
128214
128264
128265
128315
128316
128366
128367
128417
128418
128468
128469
128519
128520
128570
128571
128621
128622
128672
128673
128723
128724
128774
128775
128825
128826
128876
128877
128927
128928
128978
128979
129029
129030
129080
129081
129131
129132
129182
129183
129233
129234
129284
129285
129335
129336
129386
129387
129437
129438
129488
129489
129539
129540
129590
129591
129641
129642
129692
129693
129743
129744
129794
129795
129845
129846
129896
129897
129947
129948
129998
129999
130000
130001
130002
130003
130004
130005
130006
130007
130008
130009
130010
130011
130012
130013
130014
130015
130016
130017
130018
130019
130020
130021
130022
130023
130024
130025
130026
130027
130028
130029
130030
130031
130032
130033
130034
130035
130036
130037
130038
130039
130040
130041
130042
130043
130044
130045
130046
130047
130048
130049
130050
130051
130052
130053
130054
130055
130056
130057
130058
130059
130060
130061
130062
130063
130064
130065
130066
130067
130068
130069
130070
130071
130072
130073
130074
130075
130076
130077
130078
130079
130080
130081
130082
130083
130084
130085
130086
130087
130088
130089
130090
130091
130092
130093
130094
130095
130096
130097
130098
130099
130100
130101
130102
130103
130104
130105
130106
130107
130108
130109
130110
130111
130112
130113
130114
130115
130116
130117
130118
130119
130120
130121
130122
130123
130124
130125
130126
130127
130128
130129
130130
130131
130132
130133
130134
130135
130136
130137
130138
130139
130140
130141
130142
130143
130144
130145
130146
130147
130148
130149
130150
130151
130152
130153
130154
130155
130156
130157
130158
130159
130160
130161
130162
130163
130164
130165
130166
130167
130168
130169
130170
130171
130172
130173
130174
130175
130176
130177
130178
130179
130180
130181
130182
130183
130184
130185
130186
130187
130188
130189
130190
130191
130192
130193
130194
130195
130196
130197
130198
130199
130200
130201
130202
130203
130204
130205
130206
130207
130208
130209
130210
130211
130212
130213
130214
130215
130216
130217
130218
130219
130220
130221
130222
130223
130224
130225
130226
130227
130228
130229
130230
130231
130232
130233
130234
130235
130236
130237
130238
130239
130240
130241
130242
130243
130244
130245
130246
130247
130248
130249
130250
130251
130252
130253
130254
130255
130256
130257
130258
130259
130260
130261
130262
130263
130264
130265
130266
130267
130268
130269
130270
130271
130272
130273
130274
130275
130276
130277
130278
130279
130280
130281
130282
130283
130284
130285
130286
130287
130288
130289
130290
130291
130292
130293
130294
130295
130296
130297
130298
130299
130300
130301
130302
130303
130304
130305
130306
130307
130308
130309
130310
130311
130312
130313
130314
130315
130316
130317
130318
130319
130320
130321
130322
130323
130324
130325
130326
130327
130328
130329
130330
130331
130332
130333
130334
130335
130336
130337
130338
130339
130340
130341
130342
130343
130344
130345
130346
130347
130348
130349
130350
130351
130352
130353
130354
130355
130356
130357
130358
130359
130360
130361
130362
130363
130364
130365
130366
130367
130368
130369
130370
130371
130372
130373
130374
130375
130376
130377
130378
130379
130380
130381
130382
130383
130384
130385
130386
130387
130388
130389
130390
130391
130392
130393
130394
130395
130396
130397
130398
130399
130400
130401
130402
130403
130404
130405
130406
130407
130408
130409
130410
130411
130412
130413
130414
130415
130416
130417
130418
130419
130420
130421
130422
130423
130424
130425
130426
130427
130428
130429
130430
130431
130432
130433
130434
130435
130436
130437
130438
130439
130440
130441
130442
130443
130444
130445
130446
130447
130448
130449
130450
130451
130452
130453
130454
130455
130456
130457
130458
130459
130460
130461
130462
130463
130464
130465
130466
130467
130468
130469
130470
130471
130472
130473
130474
130475
130476
130477
130478
130479
130480
130481
130482
130483
130484
130485
130486
130487
130488
130489
130490
130491
130492
130493
130494
130495
130496
130497
130498
130499
130500
130501
130502
130503
130504
130505
130506
130507
130508
130509
130510
130511
130512
130513
130514
130515
130516
130517
130518
130519
130520
130521
130522
130523
130524
130525
130526
130527
130528
130529
130530
130531
130532
130533
130534
130535
130536
130537
130538
130539
130540
130541
130542
130543
130544
130545
130546
130547
130548
130549
130550
130551
130552
130553
130554
130555
130556
130557
130558
130559
130560
130561
130562
130563
130564
130565
130566
130567
130568
130569
130570
130571
130572
130573
130574
130575
130576
130577
130578
130579
130580
130581
130582
130583
130584
130585
130586
130587
130588
130589
130590
130591
130592
130593
130594
130595
130596
130597
130598
130599
130600
130601
130602
130603
130604
130605
130606
130607
130608
130609
130610
130611
130612
130613
130614
130615
130616
130617
130618
130619
130620
130621
130622
130623
130624
130625
130626
130627
130628
130629
130630
130631
130632
130633
130634
130635
130636
130637
130638
130639
130640
130641
130642
130643
130644
130645
130646
130647
130648
130649
130650
130651
130652
130653
130654
130655
130656
130657
130658
130659
130660
130661
130662
130663
130664
130665
130666
130667
130668
130669
130670
130671
130672
130673
130674
130675
130676
130677
130678
130679
130680
130681
130682
130683
130684
130685
130686
130687
130688
130689
130690
130691
130692
130693
130694
130695
130696
130697
130698
130699
130700
130701
130702
130703
130704
130705
130706
130707
130708
130709
130710
130711
130712
130713
130714
130715
130716
130717
130718
130719
130720
130721
130722
130723
130724
130725
130726
130727
130728
130729
130730
130731
130732
130733
130734
130735
130736
130737
130738
130739
130740
130741
130742
130743
130744
130745
130746
130747
130748
130749
130750
130751
130752
130753
130754
130755
130756
130757
130758
130759
130760
130761
130762
130763
130764
130765
130766
130767
130768
130769
130770
130771
130772
130773
130774
130775
130776
130777
130778
130779
130780
130781
130782
130783
130784
130785
130786
130787
130788
130789
130790
130791
130792
130793
130794
130795
130796
130797
130798
130799
130800
130801
130802
130803
130804
130805
130806
130807
130808
130809
130810
130811
130812
130813
130814
130815
130816
130817
130818
130819
130820
130821
130822
130823
130824
130825
130826
130827
130828
130829
130830
130831
130832
130833
130834
130835
130836
130837
130838
130839
130840
130841
130842
130843
130844
130845
130846
130847
130848
130849
130850
130851
130852
130853
130854
130855
130856
130857
130858
130859
130860
130861
130862
130863
130864
130865
130866
130867
130868
130869
130870
130871
130872
130873
130874
130875
130876
130877
130878
130879
130880
130881
130882
130883
130884
130885
130886
130887
130888
130889
130890
130891
130892
130893
130894
130895
130896
130897
130898
130899
130900
130901
130902
130903
130904
130905
130906
130907
130908
130909
130910
130911
130912
130913
130914
130915
130916
130917
130918
130919
130920
130921
130922
130923
130924
130925
130926
130927
130928
130929
130930
130931
130932
130933
130934
130935
130936
130937
130938
130939
130940
130941
130942
130943
130944
130945
130946
130947
130948
130949
130950
130951
130952
130953
130954
130955
130956
130957
130958
130959
130960
130961
130962
130963
130964
130965
130966
130967
130968
130969
130970
130971
130972
130973
130974
130975
130976
130977
130978
130979
130980
130981
130982
130983
130984
130985
130986
130987
130988
130989
130990
130991
130992
130993
130994
130995
130996
130997
130998
130999
131000
131001
131002
131003
131004
131005
131006
131007
131008
131009
131010
131011
131012
131013
131014
131015
131016
131017
131018
131019
131020
131021
131022
131023
131024
131025
131026
131027
131028
131029
131030
131031
131032
131033
131034
131035
131036
131037
131038
131039
131040
131041
131042
131043
131044
131045
131046
131047
131048
131049
131050
131051
131052
131053
131054
131055
131056
131057
131058
131059
131060
131061
131062
131063
131064
131065
131066
131067
131068
131069
131070
131071
131072
131073
131074
131075
131076
131077
131078
131079
131080
131081
131082
131083
131084
131085
131086
131087
131088
131089
131090
131091
131092
131093
131094
131095
131096
131097
131098
131099
131100
131101
131102
131103
131104
131105
131106
131107
131108
131109
131110
131111
131112
131113
131114
131115
131116
131117
131118
131119
131120
131121
131122
131123
131124
131125
131126
131127
131128
131129
131130
131131
131132
131133
131134
131135
131136
131137
131138
131139
131140
131141
131142
131143
131144
131145
131146
131147
131148
131149
131150
131151
131152
131153
131154
131155
131156
131157
131158
131159
131160
131161
131162
131163
131164
131165
131166
131167
131168
131169
131170
131171
131172
131173
131174
131175
131176
131177
131178
131179
131180
131181
131182
131183
131184
131185
131186
131187
131188
131189
131190
131191
131192
131193
131194
131195
131196
131197
131198
131199
131200
131201
131202
131203
131204
131205
131206
131207
131208
131209
131210
131211
131212
131213
131214
131215
131216
131217
131218
131219
131220
131221
131222
131223
131224
131225
131226
131227
131228
131229
131230
131231
131232
131233
131234
131235
131236
131237
131238
131239
131240
131241
131242
131243
131244
131245
131246
131247
131248
131249
131250
131251
131252
131253
131254
131255
131256
131257
131258
131259
131260
131261
131262
131263
131264
131265
131266
131267
131268
131269
131270
131271
131272
131273
131274
131275
131276
131277
131278
131279
131280
131281
131282
131283
131284
131285
131286
131287
131288
131289
131290
131291
131292
131293
131294
131295
131296
131297
131298
131299
131300
131301
131302
131303
131304
131305
131306
131307
131308
131309
131310
131311
131312
131313
131314
131315
131316
131317
131318
131319
131320
131321
131322
131323
131324
131325
131326
131327
131328
131329
131330
131331
131332
131333
131334
131335
131336
131337
131338
131339
131340
131341
131342
131343
131344
131345
131346
131347
131348
131349
131350
131351
131352
131353
131354
131355
131356
131357
131358
131359
131360
131361
131362
131363
131364
131365
131366
131367
131368
131369
131370
131371
131372
131373
131374
131375
131376
131377
131378
131379
131380
131381
131382
131383
131384
131385
131386
131387
131388
131389
131390
131391
131392
131393
131394
131395
131396
131397
131398
131399
131400
131401
131402
131403
131404
131405
131406
131407
131408
131409
131410
131411
131412
131413
131414
131415
131416
131417
131418
131419
131420
131421
131422
131423
131424
131425
131426
131427
131428
131429
131430
131431
131432
131433
131434
131435
131436
131437
131438
131439
131440
131441
131442
131443
131444
131445
131446
131447
131448
131449
131450
131451
131452
131453
131454
131455
131456
131457
131458
131459
131460
131461
131462
131463
131464
131465
131466
131467
131468
131469
131470
131471
131472
131473
131474
131475
131476
131477
131478
131479
131480
131481
131482
131483
131484
131485
131486
131487
131488
131489
131490
131491
131492
131493
131494
131495
131496
131497
131498
131499
131500
131501
131502
131503
131504
131505
131506
131507
131508
131509
131510
131511
131512
131513
131514
131515
131516
131517
131518
131519
131520
131521
131522
131523
131524
131525
131526
131527
131528
131529
131530
131531
131532
131533
131534
131535
131536
131537
131538
131539
131540
131541
131542
131543
131544
131545
131546
131547
131548
131549
131550
131551
131552
131553
131554
131555
131556
131557
131558
131559
131560
131561
131562
131563
131564
131565
131566
131567
131568
131569
131570
131571
131572
131573
131574
131575
131576
131577
131578
131579
131580
131581
131582
131583
131584
131585
131586
131587
131588
131589
131590
131591
131592
131593
131594
131595
131596
131597
131598
131599
131600
131601
131602
131603
131604
131605
131606
131607
131608
131609
131610
131611
131612
131613
131614
131615
131616
131617
131618
131619
131620
131621
131622
131623
131624
131625
131626
131627
131628
131629
131630
131631
131632
131633
131634
131635
131636
131637
131638
131639
131640
131641
131642
131643
131644
131645
131646
131647
131648
131649
131650
131651
131652
131653
131654
131655
131656
131657
131658
131659
131660
131661
131662
131663
131664
131665
131666
131667
131668
131669
131670
131671
131672
131673
131674
131675
131676
131677
131678
131679
131680
131681
131682
131683
131684
131685
131686
131687
131688
131689
131690
131691
131692
131693
131694
131695
131696
131697
131698
131699
131700
131701
131702
131703
131704
131705
131706
131707
131708
131709
131710
131711
131712
131713
131714
131715
131716
131717
131718
131719
131720
131721
131722
131723
131724
131725
131726
131727
131728
131729
131730
131731
131732
131733
131734
131735
131736
131737
131738
131739
131740
131741
131742
131743
131744
131745
131746
131747
131748
131749
131750
131751
131752
131753
131754
131755
131756
131757
131758
131759
131760
131761
131762
131763
131764
131765
131766
131767
131768
131769
131770
131771
131772
131773
131774
131775
131776
131777
131778
131779
131780
131781
131782
131783
131784
131785
131786
131787
131788
131789
131790
131791
131792
131793
131794
131795
131796
131797
131798
131799
131800
131801
131802
131803
131804
131805
131806
131807
131808
131809
131810
131811
131812
131813
131814
131815
131816
131817
131818
131819
131820
131821
131822
131823
131824
131825
131826
131827
131828
131829
131830
131831
131832
131833
131834
131835
131836
131837
131838
131839
131840
131841
131842
131843
131844
131845
131846
131847
131848
131849
131850
131851
131852
131853
131854
131855
131856
131857
131858
131859
131860
131861
131862
131863
131864
131865
131866
131867
131868
131869
131870
131871
131872
131873
131874
131875
131876
131877
131878
131879
131880
131881
131882
131883
131884
131885
131886
131887
131888
131889
131890
131891
131892
131893
131894
131895
131896
131897
131898
131899
131900
131901
131902
131903
131904
131905
131906
131907
131908
131909
131910
131911
131912
131913
131914
131915
131916
131917
131918
131919
131920
131921
131922
131923
131924
131925
131926
131927
131928
131929
131930
131931
131932
131933
131934
131935
131936
131937
131938
131939
131940
131941
131942
131943
131944
131945
131946
131947
131948
131949
131950
131951
131952
131953
131954
131955
131956
131957
131958
131959
131960
131961
131962
131963
131964
131965
131966
131967
131968
131969
131970
131971
131972
131973
131974
131975
131976
131977
131978
131979
131980
131981
131982
131983
131984
131985
131986
131987
131988
131989
131990
131991
131992
131993
131994
131995
131996
131997
131998
131999
132000
132001
132002
132003
132004
132005
132006
132007
132008
132009
132010
132011
132012
132013
132014
132015
132016
132017
132018
132019
132020
132021
132022
132023
132024
132025
132026
132027
132028
132029
132030
132031
132032
132033
132034
132035
132036
132037
132038
132039
132040
132041
132042
132043
132044
132045
132046
132047
132048
132049
132050
132051
132052
132053
132054
132055
132056
132057
132058
132059
132060
132061
132062
132063
132064
132065
132066
132067
132068
132069
132070
132071
132072
132073
132074
132075
132076
132077
132078
132079
132080
132081
132082
132083
132084
132085
132086
132087
132088
132089
132090
132091
132092
132093
132094
132095
132096
132097
132098
132099
132100
132101
132102
132103
132104
132105
132106
132107
132108
132109
132110
132111
132112
132113
132114
132115
132116
132117
132118
132119
132120
132121
132122
132123
132124
132125
132126
132127
132128
132129
132130
132131
132132
132133
132134
132135
132136
132137
132138
132139
132140
132141
132142
132143
132144
132145
132146
132147
132148
132149
132150
132151
132152
132153
132154
132155
132156
132157
132158
132159
132160
132161
132162
132163
132164
132165
132166
132167
132168
132169
132170
132171
132172
132173
132174
132175
132176
132177
132178
132179
132180
132181
132182
132183
132184
132185
132186
132187
132188
132189
132190
132191
132192
132193
132194
132195
132196
132197
132198
132199
132200
132201
132202
132203
132204
132205
132206
132207
132208
132209
132210
132211
132212
132213
132214
132215
132216
132217
132218
132219
132220
132221
132222
132223
132224
132225
132226
132227
132228
132229
132230
132231
132232
132233
132234
132235
132236
132237
132238
132239
132240
132241
132242
132243
132244
132245
132246
132247
132248
132249
132250
132251
132252
132253
132254
132255
132256
132257
132258
132259
132260
132261
132262
132263
132264
132265
132266
132267
132268
132269
132270
132271
132272
132273
132274
132275
132276
132277
132278
132279
132280
132281
132282
132283
132284
132285
132286
132287
132288
132289
132290
132291
132292
132293
132294
132295
132296
132297
132298
132299
132300
132301
132302
132303
132304
132305
132306
132307
132308
132309
132310
132311
132312
132313
132314
132315
132316
132317
132318
132319
132320
132321
132322
132323
132324
132325
132326
132327
132328
132329
132330
132331
132332
132333
132334
132335
132336
132337
132338
132339
132340
132341
132342
132343
132344
132345
132346
132347
132348
132349
132350
132351
132352
132353
132354
132355
132356
132357
132358
132359
132360
132361
132362
132363
132364
132365
132366
132367
132368
132369
132370
132371
132372
132373
132374
132375
132376
132377
132378
132379
132380
132381
132382
132383
132384
132385
132386
132387
132388
132389
132390
132391
132392
132393
132394
132395
132396
132397
132398
132399
132400
132401
132402
132403
132404
132405
132406
132407
132408
132409
132410
132411
132412
132413
132414
132415
132416
132417
132418
132419
132420
132421
132422
132423
132424
132425
132426
132427
132428
132429
132430
132431
132432
132433
132434
132435
132436
132437
132438
132439
132440
132441
132442
132443
132444
132445
132446
132447
132448
132449
132450
132451
132452
132453
132454
132455
132456
132457
132458
132459
132460
132461
132462
132463
132464
132465
132466
132467
132468
132469
132470
132471
132472
132473
132474
132475
132476
132477
132478
132479
132480
132481
132482
132483
132484
132485
132486
132487
132488
132489
132490
132491
132492
132493
132494
132495
132496
132497
132498
132499
132500
132501
132502
132503
132504
132505
132506
132507
132508
132509
132510
132511
132512
132513
132514
132515
132516
132517
132518
132519
132520
132521
132522
132523
132524
132525
132526
132527
132528
132529
132530
132531
132532
132533
132534
132535
132536
132537
132538
132539
132540
132541
132542
132543
132544
132545
132546
132547
132548
132549
132550
132551
132552
132553
132554
132555
132556
132557
132558
132559
132560
132561
132562
132563
132564
132565
132566
132567
132568
132569
132570
132571
132572
132573
132574
132575
132576
132577
132578
132579
132580
132581
132582
132583
132584
132585
132586
132587
132588
132589
132590
132591
132592
132593
132594
132595
132596
132597
132598
132599
132600
132601
132602
132603
132604
132605
132606
132607
132608
132609
132610
132611
132612
132613
132614
132615
132616
132617
132618
132619
132620
132621
132622
132623
132624
132625
132626
132627
132628
132629
132630
132631
132632
132633
132634
132635
132636
132637
132638
132639
132640
132641
132642
132643
132644
132645
132646
132647
132648
132649
132650
